1.0,0.0,0.0,0.0,0.0,0.0,0.0,0.0,0.0,0.0,0.0,0.0,0.0,0.0,0.0
0.0,1.0,0.0,0.0,0.0,0.0,0.0,0.0,0.0,0.0,0.0,0.0,0.0,0.0,0.0
0.0,0.0,1.0,0.0,0.0,0.0,0.0,0.0,0.0,0.0,0.0,0.0,0.0,0.0,0.0
0.0,0.0,0.0,1.0,0.0,0.0,0.0,0.0,0.0,0.0,0.0,0.0,0.0,0.0,0.0
0.0,0.0,0.0,0.0,1.0,0.0,0.0,0.0,0.0,0.0,0.0,0.0,0.0,0.0,0.0
0.0,0.0,0.0,0.0,0.0,1.0,0.0,0.0,0.0,0.0,0.0,0.0,0.0,0.0,0.0
0.0,0.0,0.0,0.0,0.0,0.0,1.0,0.0,0.0,0.0,0.0,0.0,0.0,0.0,0.0
0.0,0.0,0.0,0.0,0.0,0.0,0.0,1.0,0.0,0.0,0.0,0.0,0.0,0.0,0.0
0.0,0.0,0.0,0.0,0.0,0.0,0.0,0.0,1.0,0.0,0.0,0.0,0.0,0.0,0.0
0.0,0.0,0.0,0.0,0.0,0.0,0.0,0.0,0.0,1.0,0.0,0.0,0.0,0.0,0.0
0.0,0.0,0.0,0.0,0.0,0.0,0.0,0.0,0.0,0.0,1.0,0.0,0.0,0.0,0.0
0.0,0.0,0.0,0.0,0.0,0.0,0.0,0.0,0.0,0.0,0.0,1.0,0.0,0.0,0.0
0.0,0.0,0.0,0.0,0.0,0.0,0.0,0.0,0.0,0.0,0.0,0.0,1.0,0.0,0.0
0.0,0.0,0.0,0.0,0.0,0.0,0.0,0.0,0.0,0.0,0.0,0.0,0.0,1.0,0.0
0.0,0.0,0.0,0.0,0.0,0.0,0.0,0.0,0.0,0.0,0.0,0.0,0.0,0.0,1.0
0.09370996270361119,0.08956748901964087,0.055848454813977357,0.0021068280525323585,0.094650769697616,0.07107182440383426,0.04715907943293421,3.6984029612996405e-06,0.09161435100839559,0.08280928962810133,0.03292655353549681,0.09437772958975899,0.08594373234738537,0.09472412806532896,0.06348610929842566
0.0,0.0723509122714859,0.09301747685556871,0.06813135333881616,0.08916720971527835,0.05691444997387715,0.05806134122104608,0.07890431079851322,0.03675051952806064,0.06646605135288713,0.072357000438697,0.08165814533753958,0.07930267398714055,0.07076840972074071,0.07615014546034886
0.09940362247273547,0.09940985711674881,0.09940467359613665,0.09940348439768575,0.0,0.05875871256495625,0.006565158638423646,0.09936401176015736,0.06684322374772649,0.09940374162430751,0.04842049611163705,0.029497227271556615,0.09938173221197767,0.060366551001009155,0.03377750748494196
0.05596717472712342,0.05997553090913026,0.038338568000592155,0.09575258297037023,0.0749573142119956,0.09568221793706842,0.09564666002266412,0.06862651274373706,0.0954438359614056,0.04598585325736715,0.0006971205853075874,0.0,0.09569575069056359,0.0814797525265261,0.09575112545614876
0.09239529768718834,0.09123186651656652,0.028940824098326063,0.0893261152678584,0.09413097757025453,0.09411825113315705,0.0,0.010712292645215078,0.048735551195941404,0.09210733032351083,0.0803220729850347,0.07969058667541971,0.03344580663122537,0.0728680677330914,0.09197495953721067
0.04050265251117721,0.0,0.06663258245891958,0.09587255941471068,0.03664341419888302,0.06602034561216608,0.0957353106492292,0.09576812221847518,0.09353139982986831,0.09400234525728988,0.09468884685907064,0.006541052874253182,0.09110433811881294,0.027803308890047496,0.09515372110709676
0.04943975990287508,0.07543758399241908,0.09405631472589422,0.07482657080988288,0.04883649235944025,0.08937515247069175,0.09151698970163513,0.061340115549221114,0.0,0.06342381493615998,0.061995724246063186,0.0942563899257651,0.0572398131404917,0.053567734427958535,0.08468754381150226
0.03998264046261666,0.07268711869277167,0.035041363677365274,0.09405382489738105,0.07052862123871183,2.607573582963374e-05,0.0765330164307931,0.09407454119901253,0.09379188504476972,0.08033470451187492,0.09409985078834282,0.08226027882084674,0.08013716156236861,0.0021458198681749974,0.08430309706914065
0.0,0.036406882651346825,0.09747792619981084,0.09749589186056061,0.09730965250028824,0.058401657376861975,0.013878023205033663,0.0532246927733127,0.06985328696081257,0.0974951490035524,0.09748219205494874,0.0951938558831385,0.09746534729195831,0.06642011232210969,0.021895329916265183
0.024669505149678406,0.09754914666090285,0.0972211669374488,0.023613526290971857,0.09754861396210537,0.02905944698379097,0.0975383641692855,0.0241898784848247,0.08924363849214141,0.0,0.08139701310169077,0.056980668799865616,0.08590517650914971,0.09753680309450685,0.0975470513636373
0.07445723211833684,4.033691989857502e-05,0.08748680864088859,0.09644662713817902,0.0843443666682781,0.09645836328926267,0.08802589365702432,0.09645062729796641,0.09425357379423892,0.05984593912276984,0.0,0.001406640147607076,0.05650258623336848,0.06801149069143118,0.09626951428075009
0.06352164151610556,0.08243399584810876,0.06257824320068132,0.06900301757268747,0.09356824176384214,0.09379770016878808,0.04313171504898868,0.008241685038081446,0.09377254774645369,0.07248777975923026,0.0,0.09379864814233,0.09380420350983082,0.055789801142646214,0.07407077954222582
0.10077641485560165,0.09469162890277284,0.10056649570645843,0.005045004977460496,0.0304947390958261,0.033186647304781484,0.03175679543648702,0.0,0.10077753889716876,0.10071666943661638,0.012487442579675741,0.0886598502872998,0.10077826290979394,0.09930176689867858,0.10076074271137896
0.06944232620172756,0.06698929339056985,0.08954671635682335,0.032333271798508006,0.06809780503554347,0.08912296558031897,3.7868115931594115e-06,0.05757561486995827,0.06817604121323594,0.09086637350580941,0.09249674363620636,0.06338074050423399,0.09249514170066711,0.09224821738892637,0.027224962005878497
0.004238779802437443,0.06465420817257762,0.0,0.10429783746535944,0.10429720161115585,0.09223214191241608,0.10144317726233111,0.10145428206947414,0.002576643247660181,0.10429949627785137,0.10423419912646593,0.10399124443873908,0.0070145447057189695,0.10403535945500697,0.0012308844528060043
0.09508690785423143,0.009527559516191771,0.08001270654474484,0.0930943315972046,0.09530091939881745,0.09521434531468348,0.021311601830509445,0.0861235217012712,0.08665229501047005,0.01876356960917314,0.07741614792151685,0.09439795082560834,0.08474663123391366,0.0,0.06235151164166408
0.07079433788436372,0.04270074260976746,0.08728322184425237,0.08182339061316367,3.492972318558385e-05,0.09360656966756163,0.016271486881320955,0.08530767319126534,0.08037002592003485,0.06197786883848695,0.02190048059522117,0.0765516484998724,0.0938142360291504,0.09376152805272409,0.09380185964962967
0.09542997418192765,0.03624104324045272,0.0,0.04038889917944615,0.07693491887158858,0.06418910543135699,0.041560627026805484,0.09527638578568473,0.09181886294971499,0.0953559582218857,0.026690379462179652,0.0954390004883435,0.09522667708193948,0.09543613801507876,0.05001203006359589
0.07050900092697145,0.09812708246621206,0.008644568385577138,0.09633710902289964,0.0981213797379543,0.09804238817538237,0.09805058862233923,0.09355394439076259,0.05143650820254561,0.07594909702035306,1.8378338282887263e-05,0.04423654191641091,0.06674566019356627,0.0981212082810254,0.0021065443197174627
0.05767869010672809,0.09214284934485133,0.030257983605393737,2.5849394142282115e-26,0.03807172598357966,0.09215096066510368,0.08788040246905636,0.05500685433030795,0.07298175763850753,0.09215062930695865,0.09215984489810311,0.07556404613048782,0.07276812563209022,0.0636564661887559,0.0775296637000762
0.09956873213212478,0.003952606798063643,0.04070914423553791,0.09957336288178435,0.07412267069180153,0.09956906223939876,0.09766465965343779,0.0,0.0511607612797486,0.09956915630194552,0.0983493568102848,0.0005823176248142127,0.08481076376647786,0.0995690590517935,0.05079834653278692
0.10726467858248763,0.10726442758211861,0.001103088258785504,0.10701977359687823,0.10726229734467715,0.10726351679328178,0.0,0.10726379772398408,0.10726307690067372,0.10726269864936076,0.015592994383273545,0.0030140652854611714,0.018996575363061183,0.06379255272746945,0.03963645680848754
0.07021451541520239,0.06307155103474651,0.0978356506087404,0.07234345691063693,0.09783538198178122,0.09783577054493578,0.09783694968135265,0.09783622378298207,0.013016874267645888,0.0,0.055618992814302146,0.04507830069605712,0.08098998302283275,0.012650723089047605,0.09783562614973677
0.03217159891301776,4.8572610566871566e-05,0.09771749498524218,0.090572740983815,0.030048242838756796,0.009614089172040832,0.0977487199034044,0.03876922504594482,0.09677398609981765,0.09769566877262749,0.09770159872357187,0.09657976225370701,0.09762098389688637,0.04288365844115973,0.07405365735944132
0.07651521584374482,0.05029580543363444,0.08577248375547,0.07975700262945089,0.09654877758659801,0.05220758022581051,0.07067637070225681,0.09676934469808389,0.08052975329780085,0.0,0.05238673195720126,0.05734146146292454,0.05345225555228423,0.05054703247264007,0.09720018438209993
0.08732822819649237,0.0812560751213735,0.0,0.049674820059202804,0.03472544658387966,0.06589166204694037,0.09236368505238195,0.03881547691858477,0.07113423749858266,0.08752445032047214,0.09242321892670663,0.0923929248718669,0.07234930346287079,0.041690886297464994,0.09242958464318057
0.0976570763405671,0.09776947040977559,0.010358434641341598,0.06699970549466226,0.0976488164719378,0.08708796108562034,0.040875276641725335,0.08060731328326184,2.365049713287659e-05,0.06700414033694059,0.04673273869084557,0.097763376087006,0.09778742805404345,0.013900395080434516,0.09778421688470537
0.077245965744877,0.0,0.07909702631520649,0.09577132875345784,0.09306369973872361,0.07909848560667077,0.0657643991544443,0.06793332228216817,0.019246384164684157,0.04322630408309274,0.09553003035582719,0.05267951430071953,0.09551807710640457,0.045100817746484896,0.09072464464723894
0.07507619164708905,0.09248578654279932,0.08748811380836077,0.07138883098413416,0.05886186401288073,0.07106902131899141,0.03741579338179322,0.0819090008182278,0.0899507133491248,0.0669731898991382,0.08515102943208987,0.05731924534042049,0.049807417685366374,0.07510380177958413,0.0
0.09277676237865737,0.10426046079493675,0.06569487706830027,0.0784198864023568,0.0838251915195335,0.07616041943325817,0.0,0.0565493940549202,0.08293889803187376,0.06560069149910512,0.04343221118260715,0.06290181846085437,0.05743567463936227,0.07146150898241797,0.05854220555181647
0.09679777936939238,0.0972791210353775,0.04054645972373894,0.09729729530140764,0.04119445987778943,0.04752389920538469,2.2776813228903015e-05,0.0355444012783433,0.011941268074140025,0.09729760004411937,0.09701000071541237,0.0971997385938799,0.08089249943025106,0.06215503746001644,0.09729766307751826
0.09739221984428645,0.09738640286626224,0.09739709174332822,0.0973921063672888,0.03298565218347059,0.09737605592371618,0.05654460454843898,0.0,0.06552832974568082,0.05765623444463915,0.030031311126819265,0.03836656250371076,0.09732951977031178,0.03724979032907317,0.0973641186029739
0.0551857413061441,0.08309705475163627,0.052087421007980764,0.0,0.07013768201834522,0.0464567715981035,0.04784553092615781,0.06632642866910161,0.09826413376404743,0.05305137526294233,0.07547747148297494,0.09658446502913148,0.09586515428406389,0.05457153516617588,0.10504923473319515
0.0748736796908069,0.05056266093045098,0.04705935617395552,0.09595059518741104,0.09607715014999141,0.09607790292958553,0.09604602567237157,0.0,0.027733265856995693,0.05326874510933606,0.06713629616686363,0.044285148266765696,0.09578054593088478,0.09363103825293491,0.06151758968164638
0.06164282214418576,0.057409551151975165,0.10189263671057756,0.09893690234783166,0.05830327280951233,0.05701948109026576,0.08107162077933065,0.0815490721926906,0.058467837157959474,0.06907075566319262,0.03008365163222253,0.0,0.07344658418742288,0.0821928661425577,0.0889129459902754
0.004849499497332022,0.0,0.013599961427480049,0.10070020288336441,0.058841749969017754,0.10069258799495583,0.02184499751536441,0.10065522322649437,0.10069252818738861,0.10060343327329399,0.031172778585372814,0.08918415350563184,0.09990332736517714,0.07656714332578274,0.10069241324334426
0.07117318408937733,0.06383641262041756,0.09119344153011334,0.06942250634359956,0.0256660500282963,0.04271822823785761,0.09215426612625054,0.09322485181768615,0.09322792473103472,0.0649143693072428,0.05861897118343119,0.0932277637653672,0.09322904399015411,0.04739298622917165,0.0
0.06223883023600237,0.04736044597360951,0.028012337697077033,0.08762200806760388,0.09219965345841272,0.04562919016516639,0.09252238426260301,0.0,0.09171667401064992,0.09251658035667996,0.05584334155857823,0.0722728963364473,0.08021091941231423,0.0924628479927155,0.059391890472140295
0.06308605709750469,0.06345143923293807,0.08285611301828467,0.05326665601246268,0.0921970458914626,0.06899280304622556,0.07924705240424583,0.0,0.09227696941861915,0.06346104196146887,0.09127688680519952,0.08070755345584535,0.0834337063662585,0.04781170387083455,0.03793497141865018
0.08768931930455452,0.09910203852334366,0.0,0.012830137738445657,0.0990913168707228,0.08414660953031909,0.09908153508181705,0.09901190703236895,0.00042935106640913786,0.017277344040161256,0.09911900642698032,0.09263347464934371,0.09846614550675653,0.06476106513262221,0.04636074909615511
0.09513655522363898,0.09520683888056167,0.09520092605002896,0.050323916931100936,0.08444120895200781,0.046394388760666525,0.07135013870861215,0.09393600862619528,0.0073880317868045,0.08440860568613005,0.04020766125509421,6.653810551288108e-07,0.08737968346866563,0.09515394655915606,0.05347142373028222
0.08031185128492117,1.0576206501966556e-05,0.007846319121519597,0.09598962647287423,0.029866945530413802,0.0974019353501013,0.08583906922563839,0.06441922630366577,0.0380035350566165,0.09739576629366778,0.09731624108544099,0.09735795861749787,0.09389257165664382,0.018445013245480202,0.09590336454901675
0.06008135498194329,0.0964273460905612,0.07164471661720366,0.0015616777143915156,0.09485297901703048,0.0860199761071567,0.06274523299020325,2.796232497631612e-07,0.016612616800793095,0.04899227308968668,0.09656440235999186,0.09656779467304584,0.09657012887433279,0.07479563509437669,0.09656358596603351
0.011712007306015878,0.06836969725595579,0.09453810344037727,0.0,0.09367603349363902,0.09396783445569105,0.08503979018840485,0.09472086052214418,0.06190929955308604,0.071299231002181,0.03119668275597667,0.09120481952111348,0.0211213574114823,0.09477681061170053,0.08646747248223223
0.0013351016674128624,0.09823991870923297,0.08669498702443217,0.0,0.08396957639927391,0.07418646032873892,0.09824073917550295,0.008906153464759927,0.07122819886831677,0.030628517693952,0.09789835397505743,0.09824136919423411,0.09796026606815086,0.09823792314027355,0.054232434290661644
0.07810859133388053,0.046918955691751155,0.09305293668156378,0.06510243329978518,0.07524004894704314,0.06109311758115805,0.0,0.04553171323076917,0.09326672248810179,0.08202778253582238,0.09325857625583309,0.034027460930102865,0.09265974974875454,0.0732257310801685,0.0664861801952662
0.0670444080715432,0.08519575469172164,0.06843354066454568,0.07593787072278611,0.06965206499341106,0.09769264111792927,0.08670881000751286,0.08079140449197264,0.04911736753749467,0.0,0.062260438780969984,0.05806810930195246,0.09148524335180676,0.04858147177110971,0.059030874495244225
0.0739825955522092,0.04405282828782524,0.07303117482132129,0.05620436621431846,0.0909222004910985,0.0,0.06381781545263776,0.08003923510320349,0.06289969596806415,0.06191563404072834,0.09181069618651996,0.07102994329793465,0.07704802719693796,0.09730743976862789,0.05593834761857337
0.0994120554912346,0.014699811302327524,0.09914931802921956,0.053559499906067586,0.09904149594137118,3.0490993993007032e-05,0.07091462337459861,0.09841972691307732,0.0994240295342917,0.006687635291587668,0.008081478045089421,0.09942238816535907,0.07823402649956708,0.09940600285435579,0.07351741765786006
0.10096517207774248,0.10098983860945009,0.10098516943538478,0.0,0.07563565619681281,0.003955861227718353,0.05590443934762571,0.022407630984621885,0.028804520105237062,0.09970999845842056,0.10087804596654067,0.10098878661516643,0.10080130014430111,0.009719383382267719,0.09825419744871076
0.012834643247092693,0.02081651455397989,0.08843323313443005,0.0954828797948058,0.09563774274889952,0.061080125570851865,0.03161541792559041,1.8766699581979074e-06,0.09366798211623495,0.08104120329493956,0.0946857350389949,0.09009738095791107,0.0947175772791284,0.09558820515581828,0.044299482511364674
0.005728083687975236,0.002085805946742708,0.031115478680583245,0.10570973021630076,0.10572266665545238,0.0,0.10572293242351564,0.10572272835675542,0.004886203466464572,0.1057223476417259,0.08895489786141798,0.040025560977204576,0.08715899384417289,0.10572222952867916,0.10572234071300965
0.10307040369982197,0.05672507001323272,0.08117098015015349,0.058473879708403655,0.06404112051113305,0.07101721656220175,0.05406541570316137,0.055183842249859325,0.07812710918099673,0.07841826721794126,0.08121354302003292,0.05228628608401066,5.293955920339377e-23,0.1127295229111346,0.05347734298791679
0.09463337170489816,0.017409828477866734,0.09435843869346515,0.0710428757195459,0.019498422203754022,0.0925223806719854,0.046396508497966574,0.09428565206291108,0.09205402988324603,0.09060200706000376,0.055266101080592996,0.07105170511449219,0.06984239784227865,1.297625111737477e-06,0.09103498336188186
0.09338864462160094,0.07467996188281435,0.08101782775643827,0.08954907386894244,0.08697079430241195,0.0,0.021797871241820036,0.07010816659614387,0.09332353241791817,0.08430253649172302,0.04400098400835871,0.06986953784415473,0.05456009180819492,0.04292025849195471,0.09351071866752406
0.04489937375625465,0.06920558856886759,0.09334825197070869,0.06745782995447433,0.03880689952380432,0.09334747775418666,0.0,0.03660698015261644,0.08655351846039486,0.07432525562852285,0.09334771080055203,0.054302012995924104,0.09334691812051421,0.09333266949946085,0.06111951281371855
0.06077420406023092,0.09175247506835865,0.012637130770645091,0.10118345480162916,0.03513204873696693,0.10115167037475295,0.10118297324695187,0.016400082140639857,0.10117887855575877,0.10118279197371384,0.10116524984090483,0.054169187368142344,0.0,0.020904678928624482,0.10118517413268038
0.09479821903026325,0.07638354774126849,0.05515321806006248,0.04202443075515324,0.06724245651223047,0.058551927159331794,0.0,0.0689522987574493,0.08996163379745865,0.0956041176092849,0.07522275497500319,0.054574090166087004,0.09610738689352297,0.08502739528019815,0.040396523262686404
0.10089078862511955,0.0007632586099616208,0.0,0.0516861040218485,0.10053669909415423,0.0731442572487116,0.10089156178994589,0.015736316816877014,0.06933500019881021,0.10084834952388642,0.10089713102619541,0.07416589328415164,0.1008279880920891,0.009385318430353626,0.10089133323789536
0.09655398345613543,0.033982771782920605,0.06693838134891383,0.09635572881803432,0.09653018908463308,0.048708135117597924,0.050383656780203276,0.09650369701188379,0.014430874357216591,0.07540016281049602,0.050551705280049354,0.09646779597662983,0.08986225789078676,0.0,0.08733066028449933
0.07905158356082052,0.09221598845971289,0.08344247378602493,0.06580671904499301,0.06937857465258254,0.07400581287043453,0.09353155953533472,0.036014978733833934,0.09218092131853454,0.09234392808042584,0.038741512472740824,0.09350185886210831,0.004751270491710252,0.0,0.08503281813074341
0.06438880778108387,1.7002976674493353e-05,0.09622084562995027,0.09619323643609895,0.014378297860123054,0.09268329159014543,0.09599129784980656,0.09560030531919726,0.09620173999906177,0.02930061042085509,0.023730331587104803,0.07783117013057968,0.09557753351114552,0.046239948318716,0.07564558058945725
0.0,0.009436470344128511,0.07152668286570947,0.0956396431640604,0.09544586402175907,0.0956042904918599,0.09564219346805997,0.09554694790907033,0.057996609994939975,0.0364781212575115,0.061946468649419544,0.09564165270742955,0.07670247030185613,0.0743125340917962,0.03808005073239984
0.09732909981680932,0.09777811465197145,0.04209628985732153,0.07669844880896412,0.05188590008920194,0.09793859174155664,0.0979190821420706,0.07773722558753846,0.04489442140408348,0.09793867130525795,0.0,0.022558215406777483,0.09787821283286882,0.09728244818517913,6.52781703992982e-05
0.09340963830898712,0.06705893872756222,0.056916789734193916,0.09201233982395905,0.06861960349208282,0.04332644177700701,0.09027529461596516,0.08066113117572565,0.0,0.014155228405070271,0.06547924368560991,0.08051320170129794,0.09342677641104917,0.09350517511712633,0.06064019702436357
0.09683053970918659,0.09825778889490565,0.047316602316700374,0.09825895824838124,0.03084912828558258,0.0007577161245595625,0.0,0.006462783884897681,0.09668532518602622,0.09696888267715227,0.06473256502750982,0.09825681824991014,0.08909146319055102,0.09766786215673331,0.07786356604790372
0.02919741076571666,0.0986696120648013,0.0,0.04421018279796248,0.09868214021018236,0.09868408260749392,0.09868620807210392,0.09866493893054464,0.0711620399379814,0.004226960810288506,0.03443670275537735,0.0982631431908005,0.08044662907580732,0.04622741925786322,0.09844252952307676
0.09475564522476954,0.08967597159157206,0.0916558351912042,0.04771934950631011,0.08836610458921385,0.06427323293163863,0.09490328144737725,0.013002521151892356,0.0,0.08889887862482819,0.04023437490021755,0.09489843956411713,0.09417648027497602,0.07945351127146094,0.01798637373042219
0.09969572487706478,0.09969357788363858,0.05265939031822427,0.00012712786875279213,0.03020782795116416,0.049500373756994884,0.09680014537616438,0.09078163971056298,0.0996938281713457,0.03599723715756877,0.09969401868004774,0.09969302012947424,0.09969360299004552,0.0,0.04576248512895117
0.09375082968101149,0.0,0.08346807854011114,0.0935017172274869,0.06676516014944991,0.008941765597818199,0.08564790681547636,0.0784044643108853,0.08888171143230868,0.08117858528696978,0.09348933155939887,0.09329155269564646,0.020338691964136173,0.0542406467741257,0.05809955796517512
0.09625959401541953,0.015680516858696585,0.09027355911338468,0.09738034337410323,0.09754954219089054,0.0975476316475617,0.006319310963384176,0.05524293629834235,0.028301604985715153,0.08349417795537882,0.05114339733316378,0.09754288432555792,0.08576495399273663,0.09749954694566505,0.0
0.09211550075298224,0.09545605159755513,0.0272068502264132,0.0,0.02637687599248545,0.09543206965321811,0.09544315478866637,0.09505206530776784,0.0670039327453262,0.09467341044389849,0.06506103542875874,0.020977259600954402,0.09535603160451957,0.05745448717768891,0.0723912746797654
0.09515045606757197,0.0946767888362794,0.09945681692289206,0.09931388397157029,0.005100043203053324,0.08384025752729603,0.09948602890696946,0.01912858675618043,0.0,0.08735515672532568,0.09908813912163257,0.09141756690359441,0.022703639274799646,0.003926694609323602,0.09935594117351132
0.05611179757257102,0.09433460545546572,0.09151596125777213,0.08929009722278516,0.05335783722158798,0.0,0.013132425928281505,0.0435379126683454,0.08936945784005625,0.09433498549032561,0.04479004257534932,0.0925958385513852,0.09433447151050124,0.0495817580144903,0.0937128086910833
0.06016853004009126,0.0,0.08892833780821413,0.09717968311492851,0.03711161582301399,0.0426909218847503,0.09565885576717048,0.09767595739720158,0.0025791190464228416,0.09460979413577073,0.09768300176346195,0.003916638268758314,0.09709981346527483,0.08826584327111558,0.09643188821382563
0.08009500062419102,0.09582859776256131,0.016343567110470372,0.08777968131004164,0.010271235258697997,0.09879424913346649,0.08990118175945204,0.07928370938245272,2.2269979568806386e-05,0.0982103899473368,0.09883405152845079,0.098837769165944,0.038170150246782775,0.09880894880533632,0.008819197985246968
0.0853178497248584,0.09487535504602863,0.010221062301361213,0.09576022967647864,0.09347552156352064,0.04395385334485227,0.0957588626432393,0.04790096681388757,0.09396457456626839,0.04467433766310552,0.09511555697532889,0.08986373109907536,0.0,0.017288523713394472,0.09182957486860115
0.04514684462757069,0.04117595559534441,0.042638716678057076,0.08650834904479894,0.08831120304727005,0.07146599108454901,8.372947603196845e-06,0.0841575502341175,0.07360335042362243,0.07407974748954474,0.09086095123806961,0.09087030095062497,0.07666219251043327,0.04769958388823017,0.08681089024016439
0.09246419255597388,0.047469048518965065,0.09417707418413168,0.03296605506718278,0.09409570273834082,0.0,0.060279089895792316,0.09417437983238269,0.09415549775006364,0.035880567047403826,0.07045286081584051,0.06652599916697231,0.03885952343745852,0.0941762666852255,0.08432374230426676
0.09914668296799735,0.05835974519989595,0.04373707754595949,0.05867088997785235,0.09914593885089218,8.999499906352237e-05,0.09914663812996587,0.09262304799022758,0.09914386494765168,0.016821834914103384,0.0033427263154648668,0.09059086643857532,0.040935711546991486,0.09910896935287176,0.09913601082248745
0.09504986998247465,0.0863206985909075,0.09515320476256216,0.08380992536169776,0.03252205094209391,0.09460290150459773,0.029866493144282656,0.09511509179997941,0.09515041017686092,0.052860803654084784,0.0951482047751079,0.05436644195176251,0.05835216372472023,0.0,0.03168173962886791
0.08300138724961173,0.09484932927645993,0.0928916698301053,0.0,0.001335516353012216,0.04686319673347013,0.09515411889591477,0.09441809782200813,0.022395762205722244,0.08507778150502232,0.09475459981025465,0.08593432327922144,0.08728600693769531,0.03497061321410121,0.0810675968874007
0.02135522004694055,0.08811965243930127,0.09777784328452858,0.05167749275192203,0.09168207855812399,0.004090691611559024,0.02445115982363715,0.0978108913125352,0.09591482334043422,0.06527711358881223,0.09781108754578084,0.0,0.09781016134982029,0.09781265613177578,0.068409128214829
0.09479313641191028,0.07208021355001588,0.05081855944780113,0.042867070878785656,6.097914653099834e-06,0.042628128747410704,0.0906598834750923,0.09139431703850309,0.057558805655449866,0.016947379760271775,0.09473072299959509,0.094815051805977,0.09479638946703148,0.06166348724808399,0.09424075559941883
0.022106164736122563,0.08604815610120314,0.10251396823109565,0.00012372517871368782,0.10249299826350784,0.00811373521524357,0.10237787150422493,0.10251211564218382,0.102511919444463,0.021721995644516448,0.1024341460909602,0.06451455026861198,0.0778505314142168,0.0021642282721007766,0.1025138939928356
0.03848111064085038,0.02518609547375865,0.0412941359882984,0.0818826759129785,0.06506470179840923,0.009970364332743238,3.4120842743901036e-05,0.09970824298793238,0.09970768247354377,0.09965320260341072,0.09970570158704387,0.09970508624954107,0.04020262833404291,0.09969444026448475,0.09970981051021842
0.021912801622892622,0.09253260616418411,0.09248971876968666,0.09143040577222614,0.05130333935533741,0.07848864753611534,0.07345242229790964,0.08395054812085685,0.05988918982892875,0.0660733019720448,0.08359776850343048,4.391070475340264e-06,0.09253174234224588,0.07885412289750682,0.03348899374615927
0.09630746383248391,0.0,0.03054745035015108,0.09596790539196408,0.09631068094214801,0.07682262993333548,0.09441975052613476,0.004058872825450676,0.08848783868569879,0.09630507222626587,0.04481596016889763,0.0963061300704843,0.042581893461777064,0.08345120349019065,0.05361714809501794
0.08994247418312215,0.04508682145392793,0.08597187737976773,0.09245444559382741,0.06785831615602045,0.09258838833420027,0.06620599758085569,0.04887005189291466,0.09260525700914302,0.025891697853228122,0.08100086647898729,0.09260741679196743,0.0,0.04615284961635378,0.07276353967568425
0.08413495765844356,0.09577425307680354,0.09578626579737773,0.03620006437174256,0.08598278452043077,0.09572679944507263,0.03405439447480949,0.0,0.050336365997122906,0.000443791351888517,0.09580709842651598,0.085320959752686,0.07490013344632003,0.09580781575429645,0.0697243159264902
0.09759845745622407,0.0450588886590964,0.09768590189032772,0.09375788179746283,0.008208959408632087,0.0,0.0976882219374997,0.08608037464161121,0.058518858824595545,0.09769015889096355,0.0469610163888328,0.047640024312797166,0.09770001119270219,0.09768919804605347,0.027722046553201568
4.628285757769801e-05,0.09932697815118557,0.010870879862758906,0.012605820482170925,0.0993313860025584,0.09932884191463331,0.021514792865696533,0.06582402486852833,0.041576303734729744,0.09599771775442059,0.09932866556003947,0.06976090533599179,0.09932997764353287,0.08599544121269474,0.09916198175348137
0.009103751982028499,0.09347081221954541,0.0,0.09232986766068052,0.03291868970094921,0.04649683696958553,0.04945719918467528,0.08329247284100517,0.09617736868562082,0.09575156857366868,0.08887448588535204,0.04468689170418656,0.09573317960570209,0.09326228186828882,0.07844459311871158
0.045035084362869716,0.10091586221315375,0.03762621618074284,0.09298262528803829,0.10099558382162635,0.029812361749849015,0.010591435880531394,0.0,0.10099588984536996,0.10099557130594759,0.10099599737543133,0.10099537114957724,0.10100415281993994,0.032025794818136444,0.04502805318878643
0.10345516467660659,0.1034636646266762,5.306795865565872e-05,0.0896046378553403,0.013062915445802722,0.03413369965095408,0.0001919403344193965,0.10346426413631409,0.006515159869875643,0.10206683161805864,0.10347626428690292,0.10080504023534262,0.033307322227288744,0.1034790834314545,0.102920943646308
0.0692903891520852,0.004758125103124946,0.10359477000915927,0.10359467487892143,0.1035862429895489,0.0,0.005098252098868177,0.10359523163134067,0.10359059972969906,0.10359564238250414,0.09130140452573919,0.026797827009186793,0.05511137836429423,0.02249077018089006,0.10359469194463812
0.09911774598282823,0.0991110483326153,0.09911104196718264,0.0060679616070804885,0.06948726644453047,0.07037341714552824,0.09911085130591049,0.09911089003220029,0.09911089183274065,0.0,0.031661391131204836,0.07217762146003004,0.07312063968655431,0.07318288244747191,0.009256350624122372
0.09931219899996027,0.08051422252316992,0.0,0.075049273094542,0.014766372026218794,0.020890550452528463,0.05669012457450263,0.099312702246075,0.09931203453156924,0.09931266312059128,0.09868748451230361,0.09931076227991467,0.09693753333270712,0.001974587204824155,0.05792949110109299
0.09719077599078013,0.09719046421569678,0.08116262873703163,0.09646412713392263,0.007652394030191329,0.0591600869266015,0.09719740646143193,0.08625495682965918,0.009920755292331003,0.09719774463341814,0.0,0.04164260915745155,0.09158470785805749,0.04261022226833585,0.0947711204650911
0.09196369926845097,0.07561489050844453,0.06452243386049684,0.09276392599232558,0.020239522949380043,0.08230003770976184,0.08926043689837072,0.05713110060089836,0.092761690938775,0.05559209762066169,0.042856530175248375,0.0,0.09030551196322369,0.05192409701777303,0.09276402449618966
0.04250862884663606,0.09213379844832033,0.09554003947657279,6.505734024109255e-06,0.07952355402857195,0.06315213897400564,0.09554105743808163,0.09551469947153517,0.09552633368463068,0.023094406296333234,0.09390190609291409,0.06344063744437009,0.010084943262220682,0.08736561208639666,0.06266573871538715
0.07093979111298293,0.0956037160213455,0.09539146902951197,0.058544410013092144,0.0,0.06058289109987462,0.07039542859876206,0.0857332876214767,0.052457631657283926,0.07546289761794132,0.02865868300624271,0.09548860107526534,0.09109310774614485,0.024198774430919258,0.095449310969157
0.09466493361514472,0.08866999469625259,9.744077095530379e-06,0.05542353770330824,0.031224687458492606,0.08133682753213684,0.05025413041994091,0.05724063492069,0.05907351644888157,0.09530980931285245,0.09581374857830507,0.09534957734392384,0.09584786708341723,0.09583954430863142,0.003941446500926746
0.025891219124451872,0.07142269190120637,0.04554335113899423,0.09716348602684874,0.0971638683133856,0.06440402618553093,0.09662121400321358,0.0637457817844885,0.09716498645249982,0.02373749696697217,0.0965078968521646,0.0,0.026320832458545208,0.09714940534442232,0.09716374344727623
0.06960847837393239,3.544457379747734e-05,0.048522695320953886,0.050560811907479984,0.06881542293927638,0.08010949384541217,0.0941702598149051,0.09436366525595322,0.021625452618149216,0.09436752448384024,0.09281812430698276,0.047904840161356925,0.09436399730800922,0.09436490955800868,0.048368879531942334
0.0759492722618295,0.0,0.07512450745933033,0.0613111977226939,0.04913636716070892,0.08836042828974204,0.07602356302002446,0.09361234843306561,0.09391956975858909,0.013482275288885575,0.04643149897549939,0.09393197016332032,0.08257249808716559,0.05629513387417544,0.09384936950497004
0.017067404385236892,0.09604064261207361,0.034185799119653165,0.09610508966762511,0.09395347736997695,0.09571226438870091,0.0961038081030108,0.039753181843771766,0.03232352857692131,0.0958494166039888,0.05340069848129557,1.3321154843287664e-05,0.06339270381130198,0.09090539779723536,0.09519326608436482
0.09608764357224518,0.09608428500933455,0.06341089518964217,0.0,0.09608460010271709,0.09528146335126472,0.03083838019007388,0.054340908525344886,0.07766219318596591,0.008180695328070637,0.023223831521986822,0.08110540532094698,0.08669515444219017,0.09588257223236357,0.0951219720278536
0.09729019592971283,0.09816456723567552,0.06357830699922665,0.0,0.053578607686421274,0.09725126590401123,0.09126625867599504,0.0642453771811346,0.07320590034382406,0.05551648283817213,0.04335110845697635,0.05006134833174637,0.09285628430747905,0.05538609905363946,0.06424819705598543
0.09268704346388121,0.09267377809656487,0.08333284361302029,0.04452648787222633,0.06656987479949901,0.08713726649636083,0.04814393048868042,0.0028227232734081504,0.07459815161037352,0.08645931429893716,0.0844657742468424,0.06563343196904481,1.6155871338926322e-27,0.09235035781239342,0.07859902195876774
0.09572090155801241,0.08798849436979907,0.05121903628669744,0.056563333564353224,0.09571757818907466,0.09572251773091268,0.08149344509839747,0.04039857553360998,0.09572507043740439,0.06316648012389885,0.08472551821683742,0.001668618805641633,0.0,0.054114721558590186,0.09577570852677074
0.0976943702009177,0.045921599964870816,0.09885889191086296,0.07341930740929413,0.06318980099933821,0.0989449259926169,0.09916988554483058,0.015675221962362405,0.0993652129038492,0.009385058964127823,0.005557871909922537,0.09936265638105155,0.09936570690468337,0.09408948895127178,0.0
0.09166703472844555,0.0,0.06990709725637485,0.06109630727864799,0.06148742647697246,0.06852612196574707,0.04435519662135259,0.09144661624882856,0.08290322231346331,0.08953463741070201,0.060667585005217885,0.09211891345777215,0.04285952069446619,0.08923865486877572,0.054191665673234024
