1.0,0.0,0.0,0.0,0.0,0.0,0.0,0.0,0.0,0.0,0.0,0.0,0.0,0.0
0.0,1.0,0.0,0.0,0.0,0.0,0.0,0.0,0.0,0.0,0.0,0.0,0.0,0.0
0.0,0.0,1.0,0.0,0.0,0.0,0.0,0.0,0.0,0.0,0.0,0.0,0.0,0.0
0.0,0.0,0.0,1.0,0.0,0.0,0.0,0.0,0.0,0.0,0.0,0.0,0.0,0.0
0.0,0.0,0.0,0.0,1.0,0.0,0.0,0.0,0.0,0.0,0.0,0.0,0.0,0.0
0.0,0.0,0.0,0.0,0.0,1.0,0.0,0.0,0.0,0.0,0.0,0.0,0.0,0.0
0.0,0.0,0.0,0.0,0.0,0.0,1.0,0.0,0.0,0.0,0.0,0.0,0.0,0.0
0.0,0.0,0.0,0.0,0.0,0.0,0.0,1.0,0.0,0.0,0.0,0.0,0.0,0.0
0.0,0.0,0.0,0.0,0.0,0.0,0.0,0.0,1.0,0.0,0.0,0.0,0.0,0.0
0.0,0.0,0.0,0.0,0.0,0.0,0.0,0.0,0.0,1.0,0.0,0.0,0.0,0.0
0.0,0.0,0.0,0.0,0.0,0.0,0.0,0.0,0.0,0.0,1.0,0.0,0.0,0.0
0.0,0.0,0.0,0.0,0.0,0.0,0.0,0.0,0.0,0.0,0.0,1.0,0.0,0.0
0.0,0.0,0.0,0.0,0.0,0.0,0.0,0.0,0.0,0.0,0.0,0.0,1.0,0.0
0.0,0.0,0.0,0.0,0.0,0.0,0.0,0.0,0.0,0.0,0.0,0.0,0.0,1.0
0.1091415983058876,0.0886867511049872,0.1086985520644413,0.0008679601308226995,0.10891799757124053,0.061582303578403365,0.033441390009283735,0.0,0.09328020584834631,0.07763614752557248,0.020071688043919973,0.10613685541816664,0.08238798656860033,0.10915056383032738
0.06730659481695846,0.0,0.07836569355988349,0.10230431000988785,0.0724822478583205,0.09967744820549859,0.05573375863597272,0.05755379621232051,0.08724179277084936,0.05220665249981831,0.0701136211264337,0.07837407733660347,0.09086870143416803,0.08777130553328492
0.06386178002019662,0.07895478389291266,0.11101201232432815,0.11101764487187145,0.11101677358283502,0.11100350990002383,0.0,0.054375065184125305,0.006016942776364917,0.10790146597589013,0.06194373646079297,0.11101641804575156,0.044726625021175415,0.0271532419437317
0.08562727374594142,0.03923378809889903,0.019331839211346628,0.0701844697280692,0.0752674657775895,0.04781061217915434,0.10621962990191214,0.09398568759967744,0.10621163281643657,0.10621055624184224,0.08619558703407873,0.10620322707112755,0.057518230593925,0.0
0.008867516112330763,0.10651290243991547,0.08254016437665604,0.10845702488276994,0.09875867742443763,0.09625352603698614,0.029769634571765385,0.09320571765711291,0.10836095190606475,0.1080662018513948,0.0,0.011019041846884112,0.05013145651586472,0.09805718437781719
0.08532624198666679,0.0846638479140781,0.03676161157818542,0.07756381578766533,0.09893356138595326,0.040807712216582484,0.0,0.06713653092486718,0.10349598173201895,0.03691937703616713,0.06651941651754842,0.10259579381912222,0.1027806610188347,0.09649544808231
0.10473792204310105,0.10539020954992805,0.0,0.10164974359534892,0.025607024964751573,0.10580243221090253,0.026289484043940582,0.05828686665539221,0.10460607084746448,0.05742450916135815,0.10634930746302823,0.07994619188526268,0.0853118164491819,0.03859842113033941
0.06336776573059275,0.07552921114678704,0.07430251584936921,0.10781959459130297,0.07040517642676677,0.052520264942934165,0.09427973000160492,0.06255706221957888,0.07909551158279798,0.06026752063735375,0.10072996764335634,0.0779356534149316,0.0,0.08119002581262329
0.09352209206887896,0.08252266449626612,0.060423602280003076,0.10844036408315125,0.10971166173289698,0.10971187312603646,0.0,0.06422495001274017,0.005280074371932327,0.022962361493601226,0.08782898408591953,0.10970863115387579,0.10971355623893662,0.035949184855760936
2.9312580236556807e-06,0.05785932109895646,0.07149492823948624,0.11017753846649263,0.10993607312300939,0.07021990506931158,0.10677344714684579,0.06879445978252129,0.020459494577072725,0.02901115698910993,0.11013139638783352,0.10866482768625538,0.026361842415326187,0.11011267775975517
0.02804560185966604,0.108077669204233,0.02334592349302301,0.08664106558392233,0.0,0.07862851834001461,0.05499293371316661,0.08312548506950146,0.10800970931585033,0.10851132816024674,0.09675717471476347,0.007990798865184483,0.10724655718650393,0.10862723449392388
0.09014493489671581,0.10523857169125048,0.09417956740354878,0.10522141809982159,0.10166783486510267,0.06392195591686273,0.0,0.0015024261415298712,0.060350846109327005,0.07264412122598805,0.10485540267854597,0.06030178529359208,0.08067315573595706,0.059297979941757534
0.060889486457467806,0.09270200947877322,0.10516714937761332,0.03802874244942908,0.007259687010457925,0.09958851968494944,0.06398109530398319,0.0,0.10618901435032467,0.10656641913360951,0.04920618211600546,0.06538975539316132,0.10656203862403406,0.09846990062019097
0.11634462701081738,0.006575195710503104,0.03974137245147905,0.04324921565169262,0.04138597255360322,0.0,0.11635208526964602,0.11635006719006583,0.016274665139892546,0.11288893067237267,0.11635228286282422,0.11627838117198509,0.1163514167437496,0.04185578757136833
0.05676943051595037,0.08790838352034433,0.02157842227913884,0.058063682023133764,0.08690120872392654,0.0,0.04615930391300137,0.10778761479701249,0.09193293932506673,0.10779220429692704,0.10773178551236279,0.10779102387293417,0.1021888677998162,0.017395133420385286
0.003894222777058977,0.059402649119971764,0.0,0.11136598375350812,0.11130060631592954,0.08493162786390862,0.09562274012444952,0.09564236952851363,0.002367191953917751,0.11154791208651035,0.10832551436583661,0.1043396564927264,0.006444373156783069,0.10481515246088556
0.009592480450154548,0.10763213544068898,0.0,0.08321982993731211,0.10155782768123907,0.1086599754543596,0.10823450291417437,0.013897190300712438,0.09075820661886902,0.09144318311155654,0.010892233455457034,0.08011374040000649,0.10498899711030783,0.0890096971251618
0.0,0.08905304714350201,0.08424859066422638,0.06843951856021317,0.09426511624986028,0.09073491795113273,0.04476199838324865,0.10343537098874521,0.05427579951418469,0.0929227613077057,0.05380835581180046,0.07919985621695004,0.057259405900564074,0.08759526130786639
0.10791440240057701,0.10804290942969969,0.1075018281100983,0.10763823891857709,0.033437225027752704,0.0,0.037374215151611996,0.07286958017141895,0.060321320602615594,0.03848994063133392,0.10774244248495207,0.08965812307874203,0.10455919566212421,0.02445057833049633
0.10777007469139034,0.10699153213647176,0.10776377220689075,0.03709760201843229,0.03975806825138308,0.10680574357657929,1.3136089065904355e-05,0.06748019205393364,0.10441214123465502,0.10776674828173417,0.08284544178747047,0.06221041064265518,0.024606222347051503,0.044478914682286284
0.0218744997167792,0.04480143078952488,0.10934022715071702,0.10931866197519935,0.02262509633309237,0.08288862661760586,0.10934006266876893,0.04400848485465272,0.0,0.055174769180529624,0.10921357556969787,0.10925007950708064,0.07914064502294714,0.10302384061340428
0.10737757670401521,0.10742276006698286,0.07901637759687379,0.07642334160806878,0.06804239490289048,0.08085530423543409,0.10291635727774116,0.0029175545916669404,0.030093262126492375,0.10741542074788776,0.05487226366135832,0.10732232289426197,0.07532506358632596,0.0
0.039423125454783145,0.11160085422181175,0.0806460209014423,0.0,0.06582827908191381,0.11159076075412175,0.039140071825022736,0.11160948256322745,0.11160299121860431,0.0077977700972435655,0.09531882478715396,0.10852203891736709,0.10994190907798725,0.006977871099320845
0.11178947986108977,0.11166587479483604,0.11160645193176344,0.011304593144540276,0.0,0.014363583066741672,0.05463287225422333,0.032915769432221686,0.07378335309342882,0.06631903813609812,0.1118703986402113,0.07600995813568186,0.11186678181613943,0.1118718456930242
0.08543930704987786,0.10130389303032766,0.030570605268310763,4.275319056556981e-07,0.08638335305574633,0.07488721011610384,0.10523173867595678,0.029899238010986637,0.10649306436397966,0.06739241629578209,0.03432971702760064,0.10645048103364292,0.10628217209100559,0.06533637644877358
0.0,0.11041352185265238,0.02740966034033407,0.09890520024025458,0.10888715380908069,0.10905680364311762,0.09796454834206414,0.10704822758118446,0.0316009409331676,0.11027852931180647,0.021333136732666055,0.11040378140098916,0.039176028022400375,0.027522467790282334
0.11361265540823358,0.028051864920014102,0.08780672162955415,0.11361487667725413,0.10780267611953469,0.008726362131977486,0.028834752337627202,0.04988609767633014,0.033661313261750786,0.08706463482015338,0.11362040496883963,0.1136468462640101,0.11364243996082724,2.8353823893462193e-05
0.030610672809433605,0.0,0.06382254376986975,0.11225123534091429,0.008375364646365391,0.07458524047764044,0.10840263169962583,0.11225252683495802,0.11225191457109199,0.07708684121242422,0.01426323293293364,0.11225346328428534,0.06159233985184096,0.11225199256861648
0.03495304347496048,0.05732763672860762,0.10029085753125436,0.08523463866768928,0.058492132869569446,0.08110879355201735,0.0,0.0730296955685204,0.061715832403927945,0.10495910444948556,0.10676308257044362,0.0395067538282033,0.1066871504060465,0.08993127794927401
5.880494211560339e-06,0.09102364221965147,0.11007869077605535,0.10963032255549236,0.09102633284911828,0.06485444758927879,0.06935638466550444,0.0036717671466578727,0.07364185781583514,0.11004904005803043,0.03608595785126438,0.11004788175973325,0.022049759137515557,0.10847803508165098
0.07542012086982437,0.11037342270160648,0.09337798053392712,0.07074486657457571,0.056507657191074506,0.0703466931338206,0.054462036590936354,0.0845779935263203,0.09888227057368719,0.06536456284522124,0.08939159456035224,0.055095090077772635,0.0,0.07545571082088111
0.0,0.10165344305239887,0.1060699198317472,0.07275557869044008,0.08753324081469999,0.0934443910901009,0.0849855712757809,0.043710874647064794,0.060290693567278064,0.09250002773879941,0.07264115635964384,0.05333681306814673,0.06930206441211458,0.06177622545178445
0.07300892199665715,0.028748472892409387,0.10800731940978889,0.10809845915841466,0.06308149679000097,0.10812485261739914,0.06381436878862036,0.07078614133209025,1.1960120792881002e-05,0.05728520668576494,0.024505031831900254,0.10812954397327912,0.07832228427208955,0.10807594013079232
0.07835138478219346,0.06029701402604682,0.10795804817084412,0.10794897961676556,0.1065334836127939,0.1079578164124251,0.1079295779646781,0.029596462523025377,0.10508131109466799,0.05077272301840742,0.0,0.05885733532820976,0.051772734733464845,0.026943128716477527
0.06505493300382763,0.10836632030386582,0.06442465809682374,0.11032067412911128,0.05956459682497568,0.09514302222940253,0.05552411814596691,0.0,0.0786843391435513,0.04749565094827885,0.07022170531970434,0.07383436809083886,0.11457666804752359,0.056788945716129316
0.06534611126134658,0.09956615701388152,0.09841789897755077,0.03113815072030374,0.11087258605320476,0.030455580685851663,0.11284786240219526,0.005690272958884261,0.1055437048507876,0.11281476419911615,0.11281730715665042,0.1126305294513796,0.0,0.0018590742688476274
0.05616036444449607,0.0735011325089541,0.03799869657870571,0.10870626001623834,0.10829582203662881,0.0661886120791176,0.06938251663881809,0.036656880143372886,0.06515796578256908,0.1086152523235053,0.05409811278296937,0.0,0.1075338441377585,0.10770454052686608
0.0579212574669731,0.0677096077724751,0.057537188643714064,0.0,0.07268960181834026,0.08283638048095396,0.09069442304561343,0.06241397489073034,0.09847062652185057,0.05794104710318693,0.10522125397925301,0.07531727448199596,0.11162651852371734,0.05962084527119596
0.10411322080654395,0.1054819879559602,0.10205026875359263,0.0,0.07165210765216405,0.09277713095131511,0.05595188093909715,0.10595605394593867,0.0775028595830214,0.06602060034380221,0.10532909132751157,0.07476444740878002,0.005628769768521609,0.0327715805637514
0.08780346754278687,0.10362219017280927,0.10489000726339914,0.05821499602384757,0.0525657430638132,0.10483386251728254,0.10502856142700275,0.04249691080529727,0.0,0.06529832247119338,0.0498698139507962,0.029808835942883402,0.09276927255546141,0.10279801626342695
0.05418919423533919,0.10469043678300838,0.0,0.10440805126712563,0.1046887078094632,0.06631853036578467,0.08578837798892075,0.09492650671198548,0.10467345860761552,0.07053172283550879,0.047993119960392995,0.04850634992400209,0.07813462545813463,0.03515091805271857
0.10656617299319046,0.059040357028061215,0.07661322778779639,0.010698588158857084,0.10669281796819952,0.050096439458401115,0.10397840948368296,0.07925492557091289,0.08437816060480763,0.028407532123795633,0.10694345742387025,0.08038820067545856,0.10694171072296599,0.0
0.010903340701059297,0.10430539413595796,0.07507059498712466,0.10769912479102284,0.1010083549586523,0.0,0.014832748371513951,0.10764106125702605,0.08355392184551194,0.09489370007312195,0.05735428144549592,0.040760508453022024,0.09435693353912593,0.10762003544136504
0.10769150772835984,0.06279725052640972,0.0845583614352931,0.060762676898481076,0.07533317131881515,0.09525274498296944,0.03904764975385602,0.08453319584357834,0.057750164610434605,0.0,0.08692955039996639,0.10562758753213176,0.05445876970238984,0.08525736926731461
0.0,0.005945475042081624,0.11470541470257295,0.02463361535044171,0.11470241547503032,0.08311930047676032,0.059034184352949604,0.03222003470310425,0.11470173376519636,0.11220423443344082,0.11470275442341392,0.09473652752512149,0.014588777725722476,0.11470553202416414
0.0651248854858611,0.10905055565396893,0.07778517946227465,0.001676696562519714,0.10534713649800796,0.09374019629392555,0.06803763899593944,5.169878828456423e-26,0.017886770978853727,0.05302092396222816,0.10901819156557768,0.10903303066510238,0.10903340894271533,0.08124538493302523
0.08539011332611214,0.013024636724945752,0.07603357276946802,0.10611937533150632,0.0,0.10494148645080541,0.10533342787585676,0.09464619435850802,0.10637706892677916,0.0688482500271686,0.07929260206461627,0.034693117074632976,0.10181159412697549,0.02348856094262519
0.11020394749086962,0.10291930869751233,0.0013137927997972838,0.11012674427628487,0.08554018787768272,0.0,0.08274798749734051,0.07301719807115661,0.11016371859581187,0.008764060549222824,0.07010048195269658,0.03014038504580745,0.10477010250182425,0.110192084643993
0.11352036502362488,0.11352607835665302,0.07135381458374233,0.056907893265746544,0.012469589563996799,0.11352618198053589,0.03398297271018628,0.051489818272494145,0.02794981312576859,0.0,0.11352670925729752,0.11352590040889678,0.0646951865466321,0.11352567690442487
0.0,0.09599127755745394,0.06554012569650662,0.058833491933949,0.07308578556414122,0.09013805212822358,0.07442004069744895,0.08151595347060667,0.07558399962752901,0.10424247286256205,0.09155424945329767,0.08604106731393316,0.050797239716944824,0.052256243977403
0.06905309283102247,0.06546877852027334,0.0975485832849752,0.05553633225283893,0.06626434827033377,0.07761115454273557,0.10811945634042977,0.076658271221756,0.06105749913274913,0.10814110913297074,0.0,0.06402092556662353,0.08374340740961257,0.06677704149367887
0.054730722959245234,0.10603131573350404,0.02693305228975206,0.08370783197370828,0.10784119825703092,0.03886990253926716,0.10782901063317718,0.018523752703959707,0.10768645203044673,0.06323220146618783,0.10763119626732263,3.321868141768769e-05,0.08202191344218268,0.09492823102279774
0.11454694229047586,0.0,0.0013926495422513414,0.11433648277147013,0.07323547028841225,0.11306111819848015,0.06829673470682236,0.11453186621923575,0.11454983106272532,0.11454561439890862,0.005433789149009577,0.08903175755085024,0.009806774781976316,0.06723096903938203
0.014621613510679015,0.021993461169733643,0.10749013167971451,0.11111591110069378,0.1115117768318245,0.11083037280191396,0.0,0.10435057588585601,0.015029201724352322,0.02323111598265393,0.09416884492572629,0.10952149219491232,0.11121876567093938,0.06491673652100019
0.03874877485666594,0.0026108137815061038,0.1106180230354235,0.09548832320548592,0.11325197439233585,0.10614370803025149,0.11200259619902445,0.11317034651424929,0.05328024618711791,0.0033392813138914865,0.0,0.02656932860317683,0.11152476549592355,0.1132518183849475
0.0,0.11253767332280809,0.11253722575385697,0.004414170674734893,0.11253549795432388,0.08053430562859462,0.03618040950189129,0.07888619352629252,0.11251717990496192,0.1125352125360777,0.10962864541803309,0.025791084023336013,0.07245851955536312,0.02944388219972603
0.0721652551437717,0.08068299323553091,0.05708249547186503,0.05934253475222017,0.08869184588970004,0.0890052510288479,0.0919367873801465,0.052238006107098583,0.04251948876283469,0.1038509062660402,0.055972936922517404,0.10378376308288777,0.0,0.10272773595653881
0.06952471137241382,0.013193080563821458,0.09921632008869159,0.06547677207102658,0.10325983412240668,0.09828138793497004,0.09566010905060926,0.05020986738502198,0.06953573028010927,0.06802838513117405,4.712919379742941e-06,0.0964053731135269,0.10378851596813438,0.06741519999871406
0.08763992489643187,0.0985556767909804,0.09504181729703585,0.0,0.021191455987350904,0.07474263956861764,0.1046071300555048,0.09165068524257654,0.04483648413879582,0.07446353635057765,0.05674229771844417,0.057845466694341256,0.10487310798948826,0.08780977726985462
0.06679606693886093,0.10579387116034508,0.06510558663487355,0.03744695615202649,0.10577644571349758,0.0,0.0353239209030602,0.08429911480732444,0.07176284368723339,0.10578583916030179,0.05240150941353048,0.10573029974238161,0.10479490717626468,0.05898263851029937
0.0656707535892861,0.09944296672366167,0.013649194173226199,0.11410899484605849,0.03795360663596007,0.11399982218562493,0.11410629376326369,0.017714131862225407,0.11409227013080617,0.1141057234471286,0.114045682403855,0.058529951728758245,0.0,0.022580608510145303
0.07451756756538011,0.106855063063284,0.0819897492806567,0.030855365118966804,0.10702973737746839,0.06329790448189175,0.0415522274748123,3.6017267105586948e-06,0.06701812240141997,0.10429709548261629,0.10695985279168857,0.07975401627985099,0.028845049594897545,0.10702464736035583
0.10580763418461221,0.021185006165338447,0.11163322354941546,0.0008578755580799877,0.0,0.05738825393750755,0.11115663326671303,0.08086483014169438,0.11162841322258711,0.01761767086430947,0.07670991241671801,0.11157501136296344,0.11159726130163777,0.0819782740284229
0.12266191855344791,0.009971151148841367,0.12266302375897141,0.12266272718211872,0.00633220792343759,0.03863105806958115,0.12208839636245382,0.12266266236956738,0.016105746876568558,0.12266383875081294,0.12266238145422122,0.0,0.053087809424359256,0.017807078125618703
0.07259865068574362,0.039289101065665924,0.0,0.03645864227459457,0.08613882916690112,0.10112632587374902,0.09090844644884247,0.07185965269701437,0.07570712683897753,0.08069304155178177,0.10306889326520964,0.03977139839971324,0.10107875327359046,0.10130113845821606
0.059246722765981745,0.11303815182810308,0.012103439871413983,0.005512854301855736,0.11265851188466919,0.05297744295192601,0.0,0.11287701666610704,0.10037318401799851,0.011088749310928618,0.11303755642299869,0.0922825673197925,0.11303726822144823,0.10176653443677665
0.014974681765327416,0.008028808586373226,0.07448761436272404,0.1044811212388733,0.03591543082930969,0.07181785628028194,0.00010389521654968759,0.01625142634773287,0.1088881161552236,0.1133446846584131,0.11334097582256449,0.11334235253747742,0.11168143504809261,0.11334160115105643
0.06400905255130017,0.0,0.06754788686635715,0.05637563131403265,0.08088595711864606,0.07871011974333651,0.0451023598760554,0.09636546285045351,0.0998898832647811,0.0556034843134982,0.0778737827034347,0.06183456774994247,0.11101801502119832,0.10478379662696356
0.11603164304446213,0.0786585902884106,0.11630357823254842,8.026626108748047e-05,0.04166318878887977,0.11631966801875313,0.11631756936348125,0.0002100281352946376,0.11631214862544205,0.031381395538553805,0.004259719081113181,0.11164369397809748,0.03564767954864821,0.11517083109522766
0.09559007044454253,0.0754504397834736,0.0,0.003766435944759229,0.050893311139049165,0.0751920569748737,0.10872919326922043,0.10878702135953233,0.04380680123358167,0.10878142317564084,0.10878146294051579,0.06671465904179072,0.10861916711058538,0.044887957582434405
0.0010648428175525086,0.0,0.009074715889743427,0.11594958067168047,0.11595491165165639,0.09018740736109476,0.11590946529172756,0.11530239613786104,0.11596530723981115,0.10757499699644604,0.036150916203757495,0.11554880702211962,0.01186425712303441,0.0494523955935149
0.1003122363541693,0.10616384871193564,0.10699242081562535,0.10708281698784924,0.04262634848825721,0.0,0.018281836428299086,0.10708357515190046,0.04912156718257313,0.025866488368399308,0.07057793583665617,0.09924762166252642,0.08166286318390015,0.0849804408279083
0.05004899285903672,0.09342916182667449,0.06741295304794946,0.10828910592127815,0.013637235135429747,0.0,0.0941068576648007,0.04219854405260293,0.10821896008194412,0.1040459654661972,0.08340815180975673,0.01886438400780398,0.10829747936537534,0.10804220876115028
0.05716841004071402,0.00013796334776286967,0.03278937492389215,0.05373773832635681,0.10659780425966686,0.09886157436269633,0.11239109529220041,0.03907509563188901,0.11239173688988227,0.11238900973331846,0.11239064125853347,0.0,0.049678610194482345,0.11239094573860499
0.0,0.0915644079325826,0.10455527134208545,0.07322389184789428,0.009851990882662299,0.09403575245470087,0.08595444555110057,0.09786745473206646,0.0890135694239834,0.10408642902389476,0.10416538980552961,0.022385790725664347,0.0595386424610636,0.06375696381677148
0.09635118738912248,0.009499533388381902,0.08603040945572096,0.10339506291510722,0.10744299009383232,0.10739268649571095,0.0,0.049685559238657875,0.022312758016482893,0.07854616504158499,0.045518462621995395,0.10715007165923207,0.08095305521166392,0.1057220584725069
0.0,0.0904505949717667,0.1025974976816649,0.04683205974862767,0.02920653664561124,0.04629328183905928,0.10101347760558212,0.10155614990887632,0.09635994902383746,0.07273923435817149,0.0947875573738042,0.07147124996440214,0.04278975786657472,0.1039026530120217
0.06373019477185045,0.07396376721948145,0.09102735254324984,0.09039968851168712,0.1036363485699211,0.10188834444740948,0.004805791522310181,0.07907171773769911,0.10416767089556936,0.018024980135179985,0.0,0.0824813511078217,0.10018241291905026,0.08662037961876974
0.020895472216920043,0.0,0.1085870456498138,0.07725307962117468,0.10892004720065364,0.10836348137398011,0.10769982033516201,0.07430623944867619,0.017168204163505257,0.031232154989484437,0.06379287680115642,0.10772778515804711,0.10892015383651579,0.06513363920491047
0.10190550870900485,0.10643511656438903,0.060840174609528314,0.10415564771259707,0.05894952193553676,0.0,0.08753918843013218,0.10167701262009511,0.03635933272450338,0.04182560303874996,0.09680230126698,0.10617738064811745,0.002526816154640889,0.09480639558572486
0.1174340375535721,0.017885643213284695,0.11743190829225153,0.11742746605985027,0.11743184696910361,0.05164594135829706,0.06836815524338728,0.007377283599370361,0.11743192801351424,0.004445023994918976,0.09475398995454673,0.11743192282653384,0.050934852921369095,0.0
0.05000117785111434,0.1012428655822069,0.10397291822200633,0.011096545441789856,0.07379246477658097,0.0,0.09429863993986864,0.10441000301884995,0.027283710286384766,0.1066184538714036,0.10238143462876564,0.05738332308931997,0.10661162432637344,0.060906838965335566
0.1074572036114103,0.07778630341057115,0.1074584696344722,0.10744977752959856,0.02168902659228283,0.043394093715335876,0.10745438581014122,0.04975187792774976,0.04513488864805572,0.046830973649213674,0.10079141368833355,0.10349221359507901,0.08130937218775615,0.0
0.06595980852438131,0.053586659541483304,0.05411048508823372,0.10718868344488443,0.10394359999537603,0.10720676772230646,0.02608759662666276,0.06995215581183488,0.10551206880297703,0.054358173052291174,0.10720802334277045,0.03775067970226482,0.10713529834453335,0.0
0.07161399898790154,0.11027106409322417,0.11026562170913223,0.04114590739950352,0.08431679319134279,0.07941460628642617,0.04486596945631315,0.11027202659924537,0.10140097328689138,0.11019620452584876,0.01298890189708808,0.0,0.013271672682660038,0.10997625988442265
0.0,0.1098870865183059,0.06774054141611026,0.10906555352705079,0.01047716412073704,0.001968917638409629,0.10989230011696573,0.026988714400480153,0.08958057723382724,0.09625154048494956,0.10234687332658124,0.08408638693618352,0.10987873022675748,0.08183561405364144
0.03117558942048561,0.09960890042382077,0.028612167767514695,0.10929520353724348,0.10929267107365864,0.050906017698440754,0.1088347784478726,0.0523732784465788,0.05626180938377979,0.0,0.030364106468748153,0.10485239716154764,0.10928111605388059,0.10914196411642833
3.5018235865116876e-05,0.0020573767374390123,0.06460045504041267,0.09569006308588679,0.1097576726913892,0.032231198734401834,0.10778753441010795,0.10977468281418507,0.10816399946602678,0.10865000143147738,0.0491353186875868,0.1052404846456519,0.01823830293618143,0.08863789108338793
0.10289870234229087,0.04593714862036861,0.08240528974425033,0.003635252987045571,0.021731544035222462,0.10848259890346701,0.08877166568043424,0.05803218153735875,0.1085102611538038,0.0,0.10807798540294558,0.10854101048322408,0.060819191970156304,0.10215716713943244
0.07645176371128878,0.05208248611269592,0.043234719425991476,8.502030127019444e-06,0.04297168009751017,0.09939596914567773,0.1005133569895483,0.07923933105677888,0.015970400414438125,0.10662324204208526,0.10675411112634056,0.10674004430320472,0.0644013057314802,0.1056130878128327
0.024868819417800267,0.09574615118759332,0.11508430745101036,9.121824077645835e-05,0.11497749054675958,0.00929102852263175,0.11444157965135528,0.11507802590358342,0.11507715633777538,0.024448110161827047,0.11469161691013116,0.06994003340433005,0.08379724521939345,0.0024672170450324993
0.11360330543252968,0.040377576641268204,0.026305666784799703,0.04336808779057603,0.08699838756967784,0.06880277420082603,0.01033830772941828,0.0,0.11360134880873884,0.11359879582641397,0.11361218397259912,0.1136015307391255,0.11358484287450978,0.04220719162951677
0.09590396486402375,0.1051496026907817,0.015198031368935338,0.10508332411372602,0.1028588638606049,0.0899496181043631,0.041009443332947856,0.06923494607156219,0.06368754504550404,0.07567694476918688,0.10515306169475057,0.05585976176222396,0.07523489232138948,0.0
0.10932562646203012,0.07148131568328489,0.027803805752344805,0.10954025910942175,0.0,0.03171157839955768,0.10674513672071141,0.10954336871985487,0.07979791168501575,0.10136629011852423,0.004212999717760006,0.09243921542357214,0.10950537135183117,0.046527120856090974
0.10798462197107245,0.022492408446857966,0.08113190714701853,0.03847980410757853,0.10704788865010395,0.03375137181924557,0.10286216532524692,0.1079766175414393,0.07277719493305418,0.10798605275251164,0.06997250108233381,0.04030034562614959,0.10722143465608605,1.568594130139933e-05
0.09961932041076876,0.10652619065596948,0.0,0.057275126275030494,0.09015369060298485,0.08605815978073035,0.10651534830885147,0.10651532347913223,0.04382462692771525,0.08779809817902706,0.10490110189004326,0.04196300549295905,0.012710824155136325,0.05613918384165124
0.012816893119260011,0.10815950991992063,0.09055339666640501,0.0807793500480891,0.10817736392252712,0.07601432558082347,0.10019302731623465,0.03933667422562728,0.10759846491668418,0.08484115209105897,0.007070405359484067,0.0,0.1081177567539625,0.07634168007992297
0.08351853486520129,0.1116973051206886,0.06725458480217963,0.06824667778137383,0.1046727624659296,0.11169238423664674,0.03645562162917507,7.398193968274902e-05,0.11168137505169894,0.02044220563466151,0.02338472666714425,0.11169534750529943,0.11168327658110129,0.037501215719216906
0.08300016127947539,0.06199096273881415,0.10600320621983181,0.10905975788463858,0.08624257389702603,0.10917585753782626,0.09900068025408261,0.08024700586655956,0.0023963610072107455,0.10812922764180062,1.4219911194948698e-05,0.10717394569719199,0.015805984697464318,0.031760055366882894
0.0,0.07909361151453478,0.10625633213297847,0.10434307743929601,0.087344137156738,0.05732477510132525,0.1042451360236612,0.09557281038313392,0.07227325958896058,0.030631972105450267,0.08088749509865154,0.013233686596650697,0.06840628983237357,0.10038741702624555
0.026870502681116345,0.009524186976630078,0.0,0.11803930742978119,0.11803934119509775,0.11803919274301203,0.11791183393438343,0.11803949884292093,0.02887306764309019,0.04065691140747456,0.10984238745002485,0.11804424297631849,0.0030392500648278174,0.0730802766553224
0.011697793074497927,0.030973353553669473,6.658758568155176e-05,0.11492435914909226,0.005766069084128245,0.0992154506200836,0.11491828816632263,0.09614610286124463,0.030212416898716454,0.11492069888582278,0.11492422944702026,0.11446832822967971,0.03971027417876588,0.1120560482652745
0.10969165979158176,0.09537035755018415,0.0,0.003739728836418708,0.11131066174126843,0.09766713023644487,0.11131626326597613,0.0672168306246744,0.01966367077750685,0.04045723998843069,0.016502144493601992,0.11062494551261103,0.11073379162826925,0.10570557555303138
0.10947067782775,0.007991669712285418,0.07806246495710384,0.07893965555165396,0.10946498899425665,0.10946772100989514,0.10946779028590604,4.5451682544869754e-05,0.03845542435940639,0.08071980869046613,0.08164720224987049,0.08170834085914912,0.012032507045463124,0.10252629677424879
0.08773776902488722,0.0,0.08176846548169649,0.016087463770484256,0.022759532939668665,0.06176173708374745,0.11178587741885788,0.11178462765318792,0.11178580624797156,0.11031731397136997,0.1117811455499749,0.10716702081427727,0.0021512493874813383,0.0631119906563948
0.11012165815355437,0.11012004297355701,0.0871751135448938,0.10756345900421384,0.0082128897990818,0.0634996145657485,0.11015552129655008,0.09278749669461274,0.010647441431484831,0.11015584160305822,0.0,0.04469555223527966,0.09913118117424347,0.045734187523721596
0.1041794417281037,0.09850487309010517,0.07642851799269344,0.06513758790321722,0.1044296922574111,0.020380810121938413,0.0834342758362988,0.09212329088536139,0.05765020068394986,0.10443484024279497,0.05609233176141414,0.0432114154507286,0.0,0.09399272204598311
0.039837289163658515,0.10874673799226227,0.027596911016903477,0.07792963131145358,0.10923251557833956,0.0,0.06209931129932374,0.04578675738218772,0.10923494896451066,0.10603153065370749,0.10871534516320806,0.013234087342245023,0.08231405952046254,0.10924087461173733
0.06847629889643295,0.10092431706184105,0.089125392553136,0.0664831398467952,0.1067961349314923,0.10574262784153393,0.05722410977544043,0.0,0.05843259723930377,0.06598651645954842,0.08177660914902443,0.06139713167173684,0.09703817370713007,0.04059695086658433
0.10380074190896366,0.07464005902596388,6.168288095811936e-06,0.1036505490521926,0.10141649210866864,0.09456677512298896,0.02530107778723481,0.06487945153920303,0.04547944844492328,0.08773631296204322,0.06053645254088028,0.06742055769096475,0.06799805970344805,0.10256785382442869
0.09097145302767423,0.07620716028824423,0.10430308282969591,0.10094805026240454,0.0,0.01934894802585633,0.059717726390446195,0.036768258075229265,0.10506897494454198,0.10531907264915291,0.0534893973753431,0.08946620004247054,0.0529056390521792,0.10548603703676163
0.0474070613912913,0.1093284049548176,0.020160406570662155,0.05036637862582958,0.10933593325799881,0.10933649371685013,0.06807623562105038,0.0,0.045847603189755955,0.04794404507915581,0.06721873003453857,0.10934806930188964,0.10629874384050628,0.10933189441565368
0.0016235074459063914,0.06877501871701053,0.10531986814500222,0.05471910143726693,0.10660768149799747,0.10661125905223397,0.055355669587365305,0.0914287696284629,2.3720859095022195e-07,0.09021419326609538,0.06981611313661996,0.05260174838137971,0.10538899078145579,0.09153784171461236
0.08641734022221477,0.10830677732801636,0.0,0.1087607481516067,0.10869097456513299,0.054837570514680495,0.02408715923060256,0.10055525949110863,0.005222703730418343,0.09838159690077522,0.021724361977066033,0.10780922891456653,0.08377844094471369,0.09142783802909767
