Hpopt Xpr level params:

xpr_name,env_id,mcts_mode,graph_search,max_trial_length,runtime_bounded,term_bound,search_threads,eval_delta,eval_rollouts,eval_threads,min_repeats,conf_thresh,bayesopt_total_samples,bayesopt_init_rand_samples,bayesopt_relearn_freq
300_hpopt_frozen_lake_det_dense,frozen_lake_(map=8x8,dense),0,0,100,0,10000,16,10000,1,1,10,1,200,10,20

maxuct params mins/maxs: 

bias - (min,max,log_scale) = (0.0001,10000,1)

Evaluations:

hp_opt_iter,mean_eval,std_mean_eval,best_eval_so_far,bias
0,-133.758,0.999732,-133.758,13.4444
1,-52.0662,0.999069,-52.0662,0.000947404
2,-52.7928,0.99837,-52.0662,0.000433421
3,-48.4919,0.995882,-48.4919,0.253259
4,-142.287,0.999893,-48.4919,86.6562
5,-160,0,-48.4919,595.899
6,-52.7753,0.997678,-48.4919,0.0132555
7,-81.5832,0.99998,-48.4919,2.51978
8,-160,0,-48.4919,3997.99
9,-51.2066,0.998786,-48.4919,0.0373097
10,-51.8561,0.998966,-48.4919,0.0047357
11,-51.7481,0.997256,-48.4919,0.00491556
12,-53.5421,0.999099,-48.4919,0.00509299
13,-51.7736,0.996739,-48.4919,0.00532155
14,-52.3521,0.998386,-48.4919,0.00555814
15,-52.6208,0.999302,-48.4919,0.000167192
16,-52.6066,0.999109,-48.4919,0.00198427
17,-53.7571,0.998857,-48.4919,0.0028971
18,-53.1822,0.997959,-48.4919,0.00665092
19,-53.1719,0.99743,-48.4919,0.000671674
20,-52.2457,0.998411,-48.4919,0.00698884
21,-52.1556,0.997154,-48.4919,0.00129163
22,-53.8161,0.99769,-48.4919,0.00780291
23,-54.3891,0.998441,-48.4919,0.0001
24,-52.004,0.996709,-48.4919,0.00128452
25,-52.6765,0.99834,-48.4919,0.00143441
26,-52.6397,0.996607,-48.4919,0.00187932
27,-54.129,0.997401,-48.4919,0.00761075
28,-51.1832,0.99882,-48.4919,0.000715635
29,-53.1142,0.999717,-48.4919,0.00106878
30,-54.1283,0.998305,-48.4919,0.0103478
31,-52.8597,0.999854,-48.4919,0.00940874
32,-52.5131,0.998681,-48.4919,0.00102864
33,-52.4175,0.997724,-48.4919,0.0018807
34,-55.026,0.999395,-48.4919,0.0001
35,-53.3505,0.999319,-48.4919,0.00124202
36,-51.626,0.999205,-48.4919,0.00996893
37,-52.8172,0.999609,-48.4919,0.00165153
38,-53.0528,0.99791,-48.4919,0.010429
39,-52.7293,0.998655,-48.4919,0.0010605
40,-52.8481,0.997456,-48.4919,0.00970248
41,-53.4587,0.999788,-48.4919,0.00154012
42,-52.2746,0.997557,-48.4919,0.000380756
43,-52.0698,0.998753,-48.4919,0.00288297
44,-53.6642,0.999327,-48.4919,0.0108546
45,-53.0912,0.999684,-48.4919,0.00126153
46,-52.4074,0.999649,-48.4919,0.0001
47,-52.6623,0.997647,-48.4919,0.000555112
48,-51.7143,0.998793,-48.4919,0.000750704
49,-52.8201,0.996577,-48.4919,0.0001
50,-51.4833,0.998148,-48.4919,0.00085627
51,-49.7881,0.99828,-48.4919,0.00130306
52,-53.3616,0.99999,-48.4919,0.000688692
53,-53.056,0.997726,-48.4919,0.00256477
54,-52.3184,0.998905,-48.4919,0.0001
55,-51.64,0.997391,-48.4919,0.000507669
56,-52.2008,0.998042,-48.4919,0.000548028
57,-53.8034,0.999115,-48.4919,0.00220182
58,-53.7482,0.997545,-48.4919,0.0001
59,-52.1155,0.99912,-48.4919,0.000598401
60,-51.6842,0.99983,-48.4919,0.002098
61,-52.5017,0.997131,-48.4919,0.000491086
62,-55.0288,0.999829,-48.4919,0.0116352
63,-53.2283,0.999226,-48.4919,0.0001
64,-50.5603,0.998184,-48.4919,0.000755148
65,-53.7065,0.998835,-48.4919,0.000799148
66,-52.1206,0.99893,-48.4919,0.00214206
67,-51.7518,0.999285,-48.4919,0.0001
68,-54.2881,0.999643,-48.4919,0.000471975
69,-52.9545,0.999986,-48.4919,0.0001
70,-51.7154,0.998194,-48.4919,0.0191793
71,-53.4691,0.999375,-48.4919,0.0188722
72,-53.2192,0.996597,-48.4919,0.0184226
73,-52.1723,0.997731,-48.4919,0.00251307
74,-52.49,0.99991,-48.4919,0.000436941
75,-52.8828,0.999559,-48.4919,0.00271958
76,-54.1887,0.997677,-48.4919,0.000408471
77,-51.7023,0.997927,-48.4919,0.0189571
78,-52.8548,0.99865,-48.4919,0.0033359
79,-53.2618,0.998533,-48.4919,0.0196113
80,-52.4765,0.998521,-48.4919,0.0001
81,-54.8829,0.99886,-48.4919,0.00286066
82,-53.0145,0.998446,-48.4919,0.0001
83,-50.8475,0.998417,-48.4919,0.000441714
84,-52.2036,0.99712,-48.4919,0.000444707
85,-50.487,0.999824,-48.4919,0.0212049
86,-53.1004,0.998078,-48.4919,0.0209926
87,-53.4764,0.998703,-48.4919,0.00330049
88,-54.6962,0.997629,-48.4919,0.0001
89,-52.0154,0.996492,-48.4919,0.0218238
90,-53.2077,0.998635,-48.4919,0.00343645
91,-53.5236,0.999021,-48.4919,0.000485018
92,-54.0633,0.998883,-48.4919,0.0225055
93,-51.7072,0.998318,-48.4919,0.00338595
94,-54.7966,0.997343,-48.4919,0.000481836
95,-54.251,0.999739,-48.4919,0.00399154
96,-50.9784,0.99652,-48.4919,0.0239665
97,-51.7645,0.999859,-48.4919,0.0237482
98,-53.2471,0.999005,-48.4919,0.0234559
99,-53.4816,0.999362,-48.4919,0.0001
100,-50.1037,0.998429,-48.4919,0.00435799
101,-52.1923,0.99891,-48.4919,0.00435017
102,-52.0906,0.996944,-48.4919,0.00433432
103,-53.4484,0.999437,-48.4919,0.0242054
104,-50.6456,0.999785,-48.4919,0.00050297
105,-54.5559,0.999942,-48.4919,0.0001
106,-53.8912,0.99959,-48.4919,0.00355541
107,-51.8741,0.999939,-48.4919,0.000548788
108,-53.5547,0.997039,-48.4919,0.000552051
109,-52.403,0.999167,-48.4919,0.0251478
110,-52.4896,0.998789,-48.4919,0.030362
111,-54.2035,0.998715,-48.4919,0.0300677
112,-53.7741,0.997168,-48.4919,0.00491955
113,-51.0047,0.997023,-48.4919,0.0001
114,-52.7552,0.999986,-48.4919,0.000387858
115,-54.1794,0.998936,-48.4919,0.0001
116,-52.2034,0.998175,-48.4919,0.000447854
117,-51.2048,0.997858,-48.4919,0.00507171
118,-52.7011,0.998365,-48.4919,0.0312092
119,-52.0349,0.998738,-48.4919,0.00520887
120,-51.9022,0.998565,-48.4919,0.000454239
121,-52.7461,0.997458,-48.4919,0.0050826
122,-52.5038,0.997097,-48.4919,0.0001
123,-52.7744,0.997774,-48.4919,0.000463689
124,-52.2751,0.999831,-48.4919,0.0320644
125,-53.3832,0.999069,-48.4919,0.0318044
126,-52.4962,0.999473,-48.4919,0.00555807
127,-52.9539,0.99866,-48.4919,0.0001
128,-52.3031,0.997344,-48.4919,0.000470649
129,-52.5743,0.998776,-48.4919,0.00567421
130,-52.9854,0.99696,-48.4919,0.0380648
131,-53.9067,0.999963,-48.4919,0.00039364
132,-53.8015,0.999961,-48.4919,0.0376749
133,-53.4363,0.998875,-48.4919,0.00727896
134,-53.4582,0.999564,-48.4919,0.0001
135,-50.9763,0.996747,-48.4919,0.000423805
136,-52.2358,0.999073,-48.4919,0.000424507
137,-51.9236,0.999186,-48.4919,0.0387679
138,-51.883,0.998336,-48.4919,0.0385428
139,-51.8125,0.998152,-48.4919,0.00810944
140,-52.9805,0.997452,-48.4919,0.00809848
141,-53.223,0.997351,-48.4919,0.0001
142,-53.2336,0.999191,-48.4919,0.000437626
143,-52.7004,0.996603,-48.4919,0.0399298
144,-51.5019,0.998056,-48.4919,0.00825235
145,-52.6568,0.998503,-48.4919,0.0398912
146,-51.6642,0.999205,-48.4919,0.00822408
147,-53.7509,0.999266,-48.4919,0.0001
148,-53.3755,0.999995,-48.4919,0.00049354
149,-52.03,0.999674,-48.4919,0.00841089
150,-53.9241,0.999381,-48.4919,0.0404438
151,-51.8419,0.998589,-48.4919,0.00169233
152,-54.514,0.998732,-48.4919,0.00797398
153,-50.8937,0.998958,-48.4919,0.000422775
154,-51.5936,0.9963,-48.4919,0.0001
155,-53.4943,0.999001,-48.4919,0.000411854
156,-52.1825,0.99743,-48.4919,0.0001
157,-52.6986,0.998387,-48.4919,0.0422537
158,-52.8085,0.999872,-48.4919,0.000410871
159,-54.292,0.999001,-48.4919,0.00858875
160,-52.7992,0.999642,-48.4919,0.0001
161,-52.3481,0.996989,-48.4919,0.00129322
162,-51.4532,0.999109,-48.4919,0.0439293
163,-52.5474,0.996743,-48.4919,0.0437704
164,-52.4475,0.999567,-48.4919,0.00037965
165,-53.0236,0.997339,-48.4919,0.0101453
166,-53.4241,0.998028,-48.4919,0.0001
167,-53.5474,0.997979,-48.4919,0.0449917
168,-52.346,0.99821,-48.4919,0.000408176
169,-53.2174,0.997731,-48.4919,0.00951888
170,-51.0368,0.99883,-48.4919,0.0518651
171,-53.4797,0.996022,-48.4919,0.0517304
172,-53.0959,0.999431,-48.4919,0.00035013
173,-52.8913,0.996827,-48.4919,0.0514247
174,-52.6029,0.999754,-48.4919,0.0123525
175,-51.8651,0.997966,-48.4919,0.0001
176,-52.1661,0.997173,-48.4919,0.000351934
177,-50.5261,0.99818,-48.4919,0.0522984
178,-51.5949,0.997934,-48.4919,0.0522006
179,-50.9246,0.998968,-48.4919,0.0138724
180,-51.4414,0.997217,-48.4919,0.0138638
181,-50.8216,0.996895,-48.4919,0.0525928
182,-50.6417,0.999278,-48.4919,0.0524618
183,-53.0145,0.998615,-48.4919,0.0152905
184,-53.1119,0.99714,-48.4919,0.054395
185,-53.2239,0.998382,-48.4919,0.014537
186,-52.393,0.997225,-48.4919,0.0001
187,-52.9528,0.999295,-48.4919,0.00034701
188,-52.0484,0.999996,-48.4919,0.0559438
189,-53.3985,0.999768,-48.4919,0.0146765
190,-52.496,0.996609,-48.4919,0.0634778
191,-52.3477,0.99997,-48.4919,0.0634068
192,-54.0268,0.998531,-48.4919,0.0631201
193,-53.9774,0.997509,-48.4919,0.000320792
194,-52.3792,0.999551,-48.4919,0.0158738
195,-50.6393,0.9998,-48.4919,0.0001
196,-53.0827,0.998018,-48.4919,0.000315433
197,-52.2519,0.998439,-48.4919,0.0001
198,-51.4947,0.999035,-48.4919,0.0635967
199,-52.4864,0.998663,-48.4919,0.0165411

Best Params: 

mean_eval - -48.4919
std_mean_eval - 0.995882
bias - 0.253259

