1.0,0.0,0.0
0.0,1.0,0.0
0.0,0.0,1.0
0.33585925077484813,0.08792524960035639,0.5762154996247952
0.369863473113656,0.33333510140037514,0.2968014254859686
0.10588557201694415,0.1687346033941449,0.7253798245889105
0.03743317298156423,0.07886705539435024,0.8836997716240849
0.33657150617611753,0.5289491764001921,0.13447931742368996
0.0,0.2960928311023326,0.703907168897667
0.4852931992284364,0.2360352516119651,0.2786715491595982
0.0,0.5696067190709037,0.43039328092909584
0.23687034687465752,0.28687984798567895,0.4762498051396633
0.23228363010999797,0.37307968232435945,0.39463668756564235
0.2754513358839418,0.1543549002468811,0.570193763869177
0.5371841356902095,0.09980515638920279,0.3630107079205875
0.0,0.9644498094801942,0.03555019051980541
0.550725858498953,0.0,0.4492741415010465
0.5910727685067689,0.20002196800816976,0.20890526348506094
0.11817094404449899,0.764678761021542,0.11715029493395884
0.7320180147681791,0.0,0.26798198523182054
0.4899134300775449,0.03417421777459434,0.47591235214786043
0.6886241066481636,0.3113758933518362,0.0
0.4474298872313678,0.2952194625397515,0.25735065022888054
0.7240403675146605,0.2759596324853392,0.0
0.41398283909978534,0.03321549025722659,0.5528016706429879
0.04852916268737743,0.0,0.9514708373126223
0.8296262655869412,0.1703737344130585,0.0
0.15817343297109573,0.32909927759122604,0.512727289437678
0.23911995772355948,0.2581258993600294,0.5027541429164109
0.4532944214190088,0.3182777886777463,0.22842778990324447
0.43788027968777715,0.4084846336860085,0.15363508662621383
0.26083440835671173,0.739165591643288,0.0
0.4968861158942917,0.0,0.503113884105708
0.0,0.23586602174273127,0.7641339782572685
0.06826319448299918,0.9317368055170003,0.0
0.9002191469656998,0.0,0.09978085303429989
0.4249365082254603,0.0,0.5750634917745395
0.0,0.7113174243863402,0.2886825756136593
0.06150493448956168,0.48887385222640384,0.4496212132840342
0.2792266264720764,0.7207733735279234,0.0
0.38808913108790466,0.4452566748298957,0.16665419408219923
0.03756320662791851,0.1906062536561897,0.7718305397158916
0.8673401672850848,0.0,0.13265983271491516
0.31547063375789,0.519184997705587,0.16534436853652285
0.29813522001292897,0.7018647799870709,0.0
0.12304195559872882,0.8448829789214869,0.032075065479783726
0.06579214001412964,0.3015999511960142,0.6326079087898557
0.9154638608697129,0.0,0.08453613913028676
0.0,0.41826285413417164,0.581737145865828
0.0,0.6718513765669649,0.32814862343303486
0.8680014026302489,0.10008071933295762,0.031917878036793024
0.38372005112033786,0.47653952803447047,0.13974042084519142
0.12725882001173053,0.0,0.8727411799882692
0.35240678908649614,0.0,0.6475932109135035
0.26456914464667264,0.35489078016963527,0.38054007518369176
0.2707134075449502,0.40073508446520767,0.3285515079898418
0.6602066113656834,0.24269246627316252,0.09710092236115384
0.2958664610914744,0.3372031396879495,0.3669303992205757
0.21670885298365963,0.22251501294199102,0.5607761340743489
0.07695900970645891,0.40037706808757084,0.5226639222059697
0.08731771850333014,0.3619579500177368,0.5507243314789327
0.31630795497922,0.0,0.6836920450207796
0.6519057889314881,0.34809421106851174,0.0
0.23730884315920292,0.0,0.7626911568407968
0.16172063558894198,0.5092220907238428,0.3290572736872149
0.2972065159743291,0.0,0.7027934840256704
0.5689531933487005,0.0,0.4310468066512992
0.25600307999978333,0.09688365089410372,0.6471132691061127
0.21485593415695575,0.6889404102453943,0.09620365559764965
0.2938167954851795,0.23598455717040434,0.470198647344416
0.03704888730320777,0.10435284263361747,0.8585982700631745
0.0,0.12225581250752499,0.8777441874924747
0.8122090018139378,0.1295826774050809,0.05820832078098115
0.1130037776643647,0.6726532394381624,0.21434298289747253
0.29151783023917976,0.6106147079843514,0.09786746177646857
0.393877300853513,0.6061226991464864,0.0
0.09206027936374656,0.4315256313160875,0.47641408932016555
0.08413556617605322,0.6769432444427552,0.2389211893811911
0.33477646509500963,0.0,0.6652235349049902
0.16017713998624244,0.5875782161648118,0.25224464384894574
0.22183124013916575,0.7781687598608338,0.0
0.0,0.2759360662590676,0.724063933740932
0.49688534333885986,0.0,0.50311465666114
0.36993918656974306,0.25933350649409326,0.3707273069361633
0.6310474583894845,0.11454591639188175,0.25440662521863344
0.0,0.2562273834881851,0.7437726165118146
0.5316175519513378,0.43112469140415516,0.037257756644506757
0.32305715876102886,0.6122969693814723,0.06464587185749865
0.6586101378500724,0.3046621039728805,0.0367277581770466
0.5234088191776387,0.06290784016953727,0.4136833406528237
0.0,0.6922721607179407,0.30772783928205905
0.23729225320557207,0.0,0.7627077467944277
0.5064229076749629,0.4935770923250371,0.0
0.08784791900693978,0.6047771194909035,0.3073749615021564
0.4456536827298415,0.462734234604644,0.09161208266551427
0.47111421277034415,0.16557785831470542,0.3633079289149501
0.5915323477346195,0.2277244493036196,0.18074320296176039
0.5430391897520662,0.45696081024793334,0.0
0.5367692884124039,0.39922641802076214,0.06400429356683357
0.0,0.6503697879690319,0.34963021203096784
0.4156438482502544,0.3806929259073088,0.20366322584243654
0.5388271186083251,0.2007880239027228,0.26038485748895185
0.23885331451529568,0.414352412352607,0.346794273132097
0.6267447261024905,0.14249984446779265,0.2307554294297165
0.21556108957682552,0.03482710660962285,0.7496118038135512
0.6221151908566525,0.2534158606766329,0.12446894846671452
0.706325611712388,0.29367438828761167,0.0
0.30430636438002456,0.5503474160676849,0.1453462195522904
0.2981248990732083,0.7018751009267914,0.0
0.2463385284948083,0.3421565448544516,0.41150492665073973
0.0,0.5283052987432781,0.47169470125672147
0.6072133296549149,0.35744609522097537,0.03534057512410943
0.03277935568819795,0.880938112668102,0.08628253164369995
0.0,0.3572115440938468,0.642788455906153
0.035193546641485496,0.4174716476077726,0.5473348057507417
0.5247402503116453,0.47525974968835416,0.0
0.11936158520285545,0.46153405720819035,0.41910435758895376
0.5507222970658687,0.0,0.4492777029341309
0.24504461481826015,0.6921260517366141,0.06282933344512542
0.3169396606288211,0.6830603393711785,0.0
0.8932245791258002,0.030700498174069724,0.07607492270012961
0.30530984919953663,0.14854159543356235,0.5461485553669008
0.0,0.13949476468233368,0.8605052353176659
0.14292538180935924,0.7949557982584112,0.06211881993222912
0.8467534666119965,0.15324653338800331,2.710505431213761e-20
0.06549149458207598,0.5681046459636547,0.36640385945426884
0.0,0.80831928215157,0.19168071784842974
0.0,0.67185082851706,0.3281491714829396
0.543040340420467,0.4569596595795328,0.0
0.6096477484368665,0.08731385780204268,0.30303839376109054
0.9487007801014181,0.0,0.05129921989858167
0.31191257754306073,0.05915677549386139,0.6289306469630773
0.0,0.548660431281686,0.4513395687183137
0.3743151576348744,0.6256848423651252,0.0
0.983702748927693,0.016297251072306528,0.0
0.15906905937491556,0.7315241485397612,0.10940679208532289
0.4060573825793738,0.3582676013599773,0.23567501606064853
0.47929909710046925,0.0,0.5207009028995304
0.44205937345063206,0.16964732142152658,0.3882933051278412
0.9314582085159129,0.0,0.06854179148408665
0.0638387512020982,0.2764978375120889,0.6596634112858124
0.8626801859420555,0.13731981405794413,0.0
0.8837765815090334,0.0,0.11622341849096648
0.2702138703915975,0.43071754963224607,0.29906857997615593
0.054477941481796244,0.6325605812693837,0.3129614772488198
0.3399753889841792,0.27913688528185443,0.38088772573396584
0.8965929510501551,0.07238458047457913,0.031022468475265685
0.0810869674838488,0.7380041734693541,0.18090885904679685
0.05195247813003799,0.9480475218699616,0.0
0.17149921438262716,0.7940776389215178,0.03442314669585461
0.07072294187353484,0.08075424486985083,0.8485228132566138
0.0,0.6091471009303626,0.39085289906963705
0.0,0.8083417237130981,0.1916582762869015
0.5239491461631027,0.38104860279880387,0.09500225103809307
0.6685034473433613,0.15730898463368498,0.17418756802295327
0.17283447633616106,0.40101664865977266,0.4261488750040658
0.31694551766785894,0.6830544823321408,0.0
0.27736793135057275,0.0,0.7226320686494271
0.4227638093586404,0.32468714173304036,0.2525490489083189
0.08087115862698795,0.0,0.9191288413730117
0.03162921287268905,0.0,0.9683707871273105
0.563174927920268,0.0981510298254265,0.3386740422543052
0.18305405222636634,0.22588094607008025,0.591065001703553
0.14376536791792646,0.7051171936329779,0.15111743844909523
0.2981034665713626,0.701896533428637,0.0
0.7946805906402361,0.20531940935976353,0.0
0.09719726321892258,0.30280521511838554,0.5999975216626916
0.64096087277427,0.17639564572583027,0.18264348149989929
0.0,0.7698530498040219,0.23014695019597778
0.5953262412854909,0.27782733809357546,0.1268464206209332
0.44268671769474355,0.0,0.5573132823052562
0.37159949555192134,0.5328166809165598,0.09558382353151856
0.591532249144054,0.1722952061017391,0.23617254475420676
0.06018700646784597,0.030754038231478098,0.9090589553006756
0.9384823088990639,0.031471098471908376,0.030046592629027313
0.4362735758094246,0.3480581925186561,0.21566823167191906
0.2735825124175241,0.4970893419821052,0.22932814560037043
0.1256205732545249,0.07807413342289043,0.7963052933225844
0.36161824887493,0.03409814140626477,0.6042836097188051
0.27735280966674286,0.0,0.7226471903332568
0.03152689414376769,0.03130635157233291,0.9371667542838991
0.031960005795014346,0.49953744742273576,0.4685025467822496
0.2265305461717486,0.12157907299294685,0.6518903808353045
0.0,0.1779359464938671,0.8220640535061327
0.6458488510632361,0.0,0.3541511489367637
0.35257452991627375,0.6118723889162745,0.03555308116745137
0.0,0.023185660047618142,0.9768143399523815
0.35524608885621567,0.6447539111437839,0.0
0.7710553895079661,0.05911712201374858,0.16982748847828505
0.47209176660357816,0.43366112803104706,0.09424710536537426
0.5875772362533914,0.0,0.41242276374660813
0.8467555817704858,0.15324441822951385,0.0
0.18801238008116716,0.4434891337072653,0.3684984862115672
0.19655605090991798,0.7689283945950184,0.03451555449506333
0.0,0.7309542586340132,0.2690457413659864
0.37089647616193083,0.0,0.6291035238380688
0.2207666776940719,0.7427600647568713,0.03647325754905639
0.38925580739572685,0.0,0.6107441926042728
0.221836803597022,0.7781631964029778,0.0
0.07474338120890117,0.6455707128830508,0.27968590590804765
0.4875288011960773,0.5124711988039224,0.0
0.0,0.4182629135206039,0.5817370864793958
0.407909723740345,0.4120256601608821,0.1800646160987725
0.5587234559690513,0.4080509454357311,0.033225598595217565
0.12657484257853407,0.3001986549403903,0.5732265024810754
0.525661877489034,0.35369189657418826,0.1206462259367774
0.18125739853368475,0.5564833216871623,0.2622592797791527
0.03288863779978063,0.13169266191326323,0.8354187002869558
0.6624428986443114,0.03278567864109688,0.30477142271459157
0.46808341962870237,0.08739957564402956,0.4445170047272677
0.2676550045944336,0.23318735748173697,0.4991576379238293
0.15930785650995208,0.0,0.8406921434900475
0.30806492981936023,0.11894355851551097,0.5729915116651286
0.11886739817051697,0.7910603866955793,0.09007221513390345
1.3552527156068805e-20,0.730958947468448,0.2690410525315518
0.6611819204133755,0.08809714229377016,0.2507209372928539
0.0,0.5113827950548946,0.4886172049451051
0.06015692268576078,0.22422537771021478,0.715617699604024
0.0,0.3572246341895293,0.6427753658104703
0.28388772405645823,0.0750963307077333,0.641015945235808
0.4133315053764528,0.14639196702698715,0.44027652759655955
0.0669799512603157,0.32688996179732005,0.6061300869423639
0.0,0.47294433980475165,0.5270556601952477
0.0,0.3354076648934051,0.6645923351065944
0.0,0.5283048383681704,0.47169516163182906
0.6957211083965468,0.0,0.3042788916034529
0.0,0.37857941792468114,0.6214205820753187
0.21152566741086584,0.28346259698387,0.5050117356052638
0.2170402238287836,0.0,0.782959776171216
0.0,0.7506773859738017,0.2493226140261979
0.0,0.6297465143741002,0.37025348562589916
0.1846070311974733,0.8153929688025261,0.0
0.8125190392593953,0.1874809607406043,0.0
0.6331536056185683,0.3304574168691427,0.0363889775122887
0.3047576191246209,0.17830274073400468,0.5169396401413741
0.36232922508717824,0.13942579244208755,0.4982449824707339
0.0,0.9151456684013304,0.08485433159866931
0.16791138525602584,0.8320886147439738,0.0
0.06394106489372214,0.8224463536285642,0.11361258147771319
0.0,0.730966901144306,0.26903309885569376
0.0,0.769854788225198,0.23014521177480157
0.15118654968755077,0.8488134503124488,0.0
0.12551055919893508,0.5381578640489171,0.33633157675214753
0.782550633622906,0.0,0.21744936637709364
0.7600447166404973,0.2399552833595024,0.0
1.3552527156068805e-20,0.5486542059239089,0.4513457940760907
0.3708952916338827,0.0,0.6291047083661171
0.40688230811984405,0.5572438787019084,0.03587381317824706
0.027667783363024723,0.9418412312621933,0.030490985374781454
0.44349930385699626,0.43596176129999875,0.1205389348430046
0.21571635930332705,0.062284016116859964,0.7219996245798126
0.0,0.789058848697706,0.2109411513022934
0.7656028495958241,0.0,0.23439715040417541
0.2741725086948639,0.5727469548776333,0.15308053642750263
0.4531213405343937,0.4850253603678227,0.06185329909778331
0.2792418574467391,0.1273220145517321,0.5934361280015286
0.0,0.6922689708143298,0.30773102918566986
0.6894465979187759,0.2188636425680186,0.09168975951320524
0.554542346513553,0.13624630714130498,0.3092113463451416
0.5783098685727817,0.42169013142721795,0.0
0.26082288236821966,0.7391771176317801,0.0
0.376354633098753,0.377558296789256,0.24608707011199066
0.06094730752699018,0.8768655967965042,0.062187095676505155
0.4521205021080344,0.2175807673993778,0.33029873049258734
0.16057409897012587,0.12076186826046476,0.718664032769409
0.7825278374473893,0.0,0.21747216255261032
0.6175755176288595,0.17213632036559603,0.21028816200554412
0.09811193395132473,0.8682012481884545,0.033686817860220375
0.6071724090287293,0.0,0.39282759097127046
0.27168413926034324,0.033141283874637606,0.6951745768650188
0.635229122234187,0.27072105992368406,0.09404981784212868
0.5391899754358109,0.25955494724971273,0.2012550773144759
0.49688294205180483,0.0,0.5031170579481948
0.3552417113921063,0.6447582886078934,0.0
0.12494756989151928,0.6915298672002635,0.18352256290821684
0.03770435473309003,0.3587602992215285,0.6035353460453812
0.035525906110034755,0.5859938772072637,0.3784802166827012
0.0,0.6091431361687092,0.3908568638312905
0.15879709419295296,0.2802088100658909,0.5609940957411559
0.034126263627920816,0.2513697302176818,0.7145040061543971
0.2977147598642624,0.20843826630199222,0.49384697383374515
0.11709430345455335,0.821776516753274,0.061129179792172306
0.37970957693258317,0.5846838771854102,0.03560654588200646
0.13044505505341292,0.7351358499459574,0.13441909500062937
0.515730636658388,2.710505431213761e-20,0.48426936334161175
0.7320131262374199,0.0,0.2679868737625797
0.6610108399034583,0.060381414341293016,0.2786077457552483
0.0,0.27590491170732373,0.7240950882926758
0.8167071180006222,0.09895047097831175,0.08434241102106593
0.65190404964465,0.34809595035534974,0.0
0.11180941008503538,0.0,0.8881905899149641
0.47672767930664883,0.34822828093987035,0.17504403975348046
0.3876958427583985,0.033852573634855054,0.5784515836067461
0.749431919958849,0.0,0.2505680800411509
0.24270243552146575,0.5961154585977317,0.1611821058808022
0.724046212311849,0.2759537876881507,0.0
0.3269463066803687,0.6382869598350801,0.03476673348455078
0.3358782298647969,0.03239998635990021,0.6317217837753026
0.7099106924576216,0.25428316330811274,0.03580614423426515
0.39550238704644614,0.5009869608579695,0.10351065209558408
0.6518959910809609,0.3481040089190388,0.0
0.17502201477144916,0.20292398681589768,0.6220539984126527
0.5159204413687675,0.03206277242519934,0.4520167862060328
0.0,0.6091515937678835,0.39084840623211614
0.0651723932945768,0.514148803623365,0.4206788030820578
0.8673413445342206,0.0,0.1326586554657792
0.4071421425786992,0.0,0.5928578574213006
0.031484248394678616,0.057038244581763264,0.9114775070235577
0.18827215024244648,0.12032731246765765,0.6914005372898957
0.1779255992353083,0.0,0.8220744007646912
0.151353943675869,0.23285095965053595,0.6157950966735949
0.3893936410144642,0.08772133165347035,0.5228850273320651
0.35247860080323556,0.19365863784536824,0.453862761351396
0.2832330296855276,0.36841155288166505,0.3483554174328071
0.1925834178562081,0.3713520058502764,0.4360645762935151
0.49993614982878104,0.15669253593577134,0.3433713142354473
0.4268105796025372,0.5274853421184723,0.04570407827899026
0.8295952533643813,0.05862142051331781,0.11178332612230046
0.7765276544770591,0.08133291023790268,0.14213943528503797
0.2650949587154872,0.2852698649156864,0.44963517636882605
0.636071135949724,0.033105769334595914,0.3308230947156797
0.5651381944023517,0.22895919715092886,0.20590260844671926
0.3277581575922828,0.3840733951750262,0.2881684472326907
0.8125185420084148,0.18748145799158492,0.0
0.06738357255663924,0.3523281038879459,0.5802883235554144
0.2535096873339628,0.5636059884712791,0.18288432419475784
0.517727710306618,0.09143422403238141,0.39083806566100016
0.4234497041236485,0.49714974418965413,0.07940055168669707
0.09169218121197698,0.7059678730713972,0.20233994571662547
0.5958250942501682,0.4041749057498315,0.0
0.6267503903560901,0.0,0.37324960964390946
0.3606508932795834,0.1658645823507961,0.4734845243696202
0.1906259996217453,0.647843177971591,0.16153082240666344
0.7189282229577953,0.08039946743123688,0.20067230961096724
0.2135867850938454,0.4117400071615936,0.37467320774456064
0.4314155037797562,0.5685844962202435,0.0
0.0,0.31535201369260857,0.6846479863073911
0.17970888833344603,0.42295969142222684,0.3973314202443268
0.9389186105432412,0.06108138945675828,6.776263578034403e-21
0.0,0.6922756463424513,0.3077243536575482
0.3361275254956426,0.663872474504357,0.0
0.12720463314704422,0.40869862435903176,0.46409674249392363
0.0,0.1779357946479975,0.8220642053520022
0.5247400148107675,0.4752599851892322,0.0
0.16002050690094244,0.38326899785654023,0.45671049524251706
0.15144930049347466,0.6652095385054551,0.1833411610010699
0.0,0.5486533029744529,0.451346697025547
0.37093138218463717,0.0,0.6290686178153626
0.6639884501729812,0.0,0.33601154982701853
0.6323200306082364,0.36767996939176323,0.0
0.8024237781884631,0.08358930197198328,0.11398691983955325
0.0,0.7890684468295499,0.21093155317044981
0.4071697735269215,0.27779852343474,0.31503170303833816
0.5643786426467685,0.2835572714320036,0.1520640859212276
0.5259464231655564,0.15552873682560076,0.31852484000884257
0.2659226635275185,0.6029190991455797,0.13115823732690132
0.0,0.4729456263472454,0.5270543736527542
0.11955803341171467,0.8804419665882849,0.0
0.15163782908463697,0.5388973323293852,0.3094648385859776
0.12439054846873304,0.4851778102565908,0.3904316412746756
0.6165420676274453,0.20135146605926083,0.1821064663132934
0.8022249688943027,0.05705703392034356,0.14071799718535347
0.6044901349513145,0.11525310629885421,0.2802567587498308
0.0,0.1970978239332815,0.8029021760667182
0.40714406494864597,0.0,0.5928559350513536
0.9542519813531691,0.045748018646830486,0.0
0.5058236321592353,0.4282409955554162,0.06593537228534813
0.0,0.8984026968196239,0.1015973031803756
0.07443061273639423,0.8925315449584592,0.03303784230514645
0.8410071038305491,0.1024418938571465,0.0565510023123042
0.24961338514721865,0.1525925186152332,0.5977940962375479
0.6454890189371382,0.2266178577119801,0.12789312335088143
0.14977293418374862,0.44553818251262656,0.40468888330362446
0.6267516218026133,0.0,0.3732483781973863
0.2945128043223848,0.5084806875458994,0.19700650813171544
0.5064230417524777,0.49357695824752207,0.0
0.22183291914598546,0.7781670808540143,0.0
0.3820610342766713,0.277177698723798,0.3407612669995304
0.22204112549672717,0.5854723118696343,0.19248656263363806
0.6071629209998848,0.0,0.39283707900011505
0.6886206073843257,0.3113793926156738,0.0
0.1463252106672109,0.7619325540729893,0.09174223525979935
0.15118627908351817,0.8488137209164814,0.0
0.5430422565197801,0.4569577434802194,0.0
0.5613220594062575,0.4386779405937422,1.3552527156068805e-20
0.4649056669957279,0.03349456322797423,0.5015997697762975
0.13737065834510578,0.15723227720087948,0.7053970644540145
0.2773570285771506,0.0,0.7226429714228492
0.6323224125015227,0.3676775874984771,0.0
0.6880337647882948,0.034411056307995735,0.2775551789037093
0.18648714307146344,0.3106566308312935,0.5028562260972427
0.16857742821095636,0.6785611112785945,0.152861460510449
0.6071684386822461,0.0,0.3928315613177536
0.5347606846861965,0.12648213589482074,0.3387571794189824
0.0,0.8804463677038822,0.11955363229611773
0.26571916062475504,0.2599534859847174,0.474327353390527
0.03530158477990786,0.5545182124906172,0.41018020272947464
0.034292717096241654,0.7733464665742676,0.19236081632949042
0.3600133479420172,0.2135989723917033,0.42638767966627905
0.41294691037502285,0.5870530896249769,0.0
0.8008134361847609,0.0,0.1991865638152387
0.8183440270754198,2.710505431213761e-20,0.18165597292457983
0.09558420448255317,0.2764037177310198,0.6280120777864266
0.1625205713531963,0.3538451477956999,0.4836342808511034
0.3347751097019614,0.0,0.6652248902980383
0.0,0.5891523140068086,0.41084768599319116
0.3592687300469517,0.36398826613629304,0.2767430038167551
0.8183430924877765,0.0,0.18165690751222321
0.7008187757335878,0.18391692692994815,0.1152642973364637
0.40106096205441427,0.24892307813689563,0.3500159598086898
0.6140771856527639,0.3859228143472356,6.776263578034403e-21
0.09644053719942824,0.5669013873985673,0.33665807540200404
0.46616483006065873,0.1146126667875422,0.4192225031517989
0.5054764865729587,0.18363477444737308,0.31088873897966796
0.2413641036713568,0.7586358963286428,0.0
1.3552527156068805e-20,0.4939345645972795,0.5060654354027202
0.27923516428752165,0.7207648357124782,0.0
0.3407658712239367,0.45260918665516914,0.20662494212089388
0.7417656237538998,0.25823437624609996,0.0
0.278652325512322,0.17753853229356178,0.543809142194116
0.08427100273208277,0.10209537410257638,0.8136336231653406
6.776263578034403e-21,0.3572148656131492,0.6427851343868506
0.9780115801983484,0.0,0.021988419801651154
0.0,0.453338360905314,0.5466616390946859
0.0,0.8625350288536267,0.137464971146373
0.0,0.2960854281752625,0.7039145718247373
0.09203348661370891,0.8185221301342213,0.08944438325206958
0.46168179876978355,0.0,0.538318201230216
0.44125035959546427,0.14356037267654867,0.41518926772798675
0.695432516002412,0.13761317102879891,0.1669543129687888
0.0,0.5696130825580781,0.4303869174419216
0.41545806776528615,0.4700055020583381,0.11453643017637555
0.0,0.8433514472708411,0.15664855272915848
0.0,0.4939334382084941,0.5060665617915057
0.05970820537010785,0.3879615139224483,0.5523302807074436
0.06443984109968931,0.24896787665441203,0.6865922822458983
0.13438232479397888,0.38035447175296344,0.48526320345305735
0.8091617197944214,0.15747533222411467,0.03336294798146361
0.8918019669393467,0.10819803306065298,0.0
0.036868006783632945,0.6660811675062858,0.29705082571008096
0.5157301848776951,0.0,0.4842698151223047
0.49423270816710035,0.08710826796429691,0.4186590238686022
0.29995393298299533,0.6397647785843926,0.06028128843261166
0.26694177578086276,0.4694259619983257,0.26363226222081126
0.7304670861569915,0.16432133215588754,0.10521158168712064
0.21705404147937352,0.0,0.7829459585206259
0.0,0.33537257049124264,0.6646274295087571
0.3212522921604163,0.2689641544554551,0.40978355338412814
0.0,0.6718525397085133,0.3281474602914863
0.015931674313219263,0.0,0.9840683256867805
0.5386103030451082,0.17291322674010418,0.28847647021478734
0.0,0.43581057389377725,0.5641894261062225
0.19237378994877272,0.6059606139585751,0.20166559609265175
0.352406320404666,0.0,0.6475936795953338
0.8765641510649551,0.12343584893504463,0.0
0.5837508310276496,0.32463570973931843,0.0916134592330316
0.7656132302246049,0.0,0.2343867697753947
0.4493174436947227,0.5506825563052772,0.0
0.19005450532180418,0.7185461446470274,0.09139935003116817
0.0,0.3993782246578304,0.6006217753421694
0.33469079817177627,0.16457080887494033,0.5007383929532832
0.2962015618302392,0.58151173725113,0.12228670091863031
0.03696478046221213,0.3319212193887129,0.6311140001490747
0.13334566376347085,0.6192606022953521,0.2473937339411767
0.3223010688343839,0.4388489832219851,0.23884994794363076
0.3246192574650209,0.3139680448178693,0.3614126977171095
0.2797260463070596,0.3238673721353009,0.3964065815576392
0.24545344977035083,0.4625611590139033,0.2919853912157454
0.0,0.8983920037439755,0.10160799625602433
0.5076109527418781,0.12763878208806526,0.3647502651700562
0.2773727359078579,0.0,0.7226272640921417
0.1820809002297999,0.08983156222981792,0.7280875375403819
0.7320178950965218,0.0,0.2679821049034778
0.4493176570765039,0.5506823429234958,0.0
0.5924937895445862,0.07617913598724146,0.331327074468172
0.0,0.6718518753239031,0.3281481246760964
0.0,0.5486599827454748,0.451340017254525
0.0,0.6297548601178384,0.3702451398821613
0.7138680341146851,0.0,0.28613196588531464
0.48753215491515783,0.5124678450848418,1.3552527156068805e-20
0.0,0.335370630432767,0.6646293695672328
0.7063293052278754,0.2936706947721244,0.0
0.177918822735131,0.0,0.8220811772648685
0.061214819684122734,0.850122228151208,0.08866295216466896
0.03333431758924604,0.801035685685703,0.16562999672505066
0.3244055243474276,0.22031273581685284,0.45528173983571907
0.04850075305033388,0.0,0.9514992469496657
0.21276116340806087,0.5215585335084196,0.2656803030835192
0.5430412920567353,0.45695870794326443,0.0
0.5781225811780791,0.3799280071560317,0.041949411665888836
0.0,0.47294820646009733,0.5270517935399023
0.3538433566671433,0.2952067406256404,0.350949902707216
0.3106984682819922,0.4770121390444653,0.21228939267354213
0.46869715022757935,0.40689527458987934,0.12440757518254103
0.5689533429372162,0.0,0.4310466570627834
0.4681632758271686,0.531836724172831,0.0
0.6014085992510599,0.14285986849148,0.2557315322574597
0.15748353941937615,0.06586166312107428,0.7766547974595494
0.4796248410526294,0.2911150986648707,0.2292600602824995
0.6458635472533081,0.0,0.35413645274669153
0.12083597244471289,0.24620186668011343,0.6329621608751734
0.7793877084946763,0.17675708654316197,0.04385520496216139
0.7638860253264982,0.20513508105410078,0.030978893619400705
0.305378589241896,0.03510152093159968,0.6595198898265039
0.2838624100460115,0.5404847807053015,0.17565280924868687
0.7138685045253441,0.0,0.28613149547465555
3.3881317890172014e-21,0.21621837467182753,0.7837816253281721
0.06295467918299119,0.7077419588420493,0.22930336197495935
0.0,0.7890638185357682,0.21093618146423132
0.31750890422884165,0.34436261261300694,0.33812848315815097
0.7984801055655919,0.03288019611390092,0.1686396983205068
0.5875787759527016,0.0,0.41242122404729814
0.771315655839105,0.03252361106206664,0.1961607330988281
0.38912376295390744,0.20201564886236228,0.4088605881837299
0.21000389466380848,0.3148263459465564,0.4751697593896349
0.0,0.7506318167123274,0.24936818328767213
0.7600507317443038,0.23994926825569562,0.0
0.4681666742420425,0.5318333257579573,0.0
0.03565219192661756,0.3052869947301113,0.6590608133432707
0.6519089196086454,0.3480910803913545,0.0
0.6565160475420105,0.11622263444960834,0.2272613180083808
0.0,0.6091511168879674,0.3908488831120325
0.0,0.43581562908359683,0.5641843709164028
0.39387420646463933,0.6061257935353603,0.0
0.0,0.3785610587073736,0.621438941292626
0.18461608361781073,0.8153839163821891,0.0
0.34652019871900624,0.39669907649624625,0.2567807247847472
0.4462409487836635,0.3691573890211616,0.18460166219517454
0.22121212481977254,0.49179030100836985,0.2869975741718573
0.0,0.33534553153426366,0.6646544684657362
0.2126506558912452,0.25489359040040305,0.5324557537083514
0.0,0.6503707273443192,0.34962927265568056
0.06532308564658,0.0,0.9346769143534196
0.0,0.8255670043473599,0.17443299565263984
0.5040456309080154,0.3466072619303278,0.1493471071616565
0.50817225067984,0.31772817613982113,0.17409957318033864
0.47718245074909904,0.1880629339074382,0.33475461534346224
0.07960618776148215,0.13595261950967613,0.7844411927288413
0.6072000974656515,0.04624569876708712,0.3465542037672609
0.0,0.256224705720478,0.7437752942795215
0.2804899313130587,0.10164521664177945,0.6178648520451616
0.7138675158942502,0.0,0.2861324841057495
0.0,0.8804481268818627,0.11955187311813688
0.393876004967144,0.6061239950328556,0.0
0.0,0.09025511908823305,0.9097448809117666
0.45586251397056304,0.2423394886924947,0.30179799733694196
0.5064230813507631,0.4935769186492366,0.0
0.6458597612865992,0.0,0.3541402387134005
0.24681451241367217,0.7181894251588151,0.03499606242751224
0.18258519739679407,0.5287054732294394,0.2887093293737662
0.16693963943020645,0.1503369852417513,0.682723375328042
0.43946142833485485,0.11732661448095577,0.44321195718418893
0.0,0.7113150174918333,0.2886849825081664
0.6140774488889762,0.38592255111102325,6.776263578034403e-21
0.3492673416455017,0.4971882831349195,0.15354437521957834
0.0,0.25622449466962777,0.743775505330372
0.25434161744598577,0.6322011397970085,0.11345724275700542
3.3881317890172014e-21,0.2162177587179569,0.7837822412820428
0.48096552404337295,0.21246585807824764,0.306568617878379
0.3886157010406683,0.14374709318433876,0.46763720577499257
0.2372846254274191,0.0,0.7627153745725805
0.0,0.19709561590362518,0.8029043840963743
0.31694436345212496,0.6830556365478745,0.0
0.9487161451810712,0.0,0.05128385481892846
0.41494414447894284,0.06134122652506274,0.5237146289959942
0.06426720965161326,0.45822337730809914,0.4775094130402875
0.7453343464629995,0.05729767122435225,0.19736798231264804
0.5958218800206013,0.40417811997939856,0.0
0.10343627363922478,0.896563726360775,0.0
0.0,0.3572140422849425,0.642785957715057
0.423684016207613,0.22154755771096732,0.3547684260814194
0.9314584635045211,0.0,0.06854153649547862
0.24455309066067976,0.4974273693863271,0.25801953995299276
0.2792281732863527,0.720771826713647,0.0
0.6323228808949873,0.36767711910501255,0.0
0.9640108620321525,0.0,0.035989137967847265
6.776263578034403e-21,0.378576542664751,0.6214234573352487
0.44268888083934754,0.0,0.5573111191606521
0.033793906505935556,0.7325635162101043,0.2336425772839597
0.5763003594423406,0.141854336934173,0.28184530362348625
0.41756642534909627,0.19831252348129808,0.3841210511696054
0.5064224349724225,0.49357756502757716,0.0
0.21837813222568125,0.7163550890710781,0.06526677870324027
0.9002266698268474,0.0,0.09977333017315217
0.6595979576167091,0.27550109470859024,0.06490094767470028
0.4681681925308341,0.5318318074691654,0.0
3.3881317890172014e-21,0.6297553398367065,0.3702446601632932
0.8917896466946732,0.10821035330532643,0.0
0.6327508833796271,0.30010348805954373,0.06714562856082867
0.0,0.49393543102296567,0.5060645689770341
0.607174566331842,0.0,0.3928254336681576
0.5942938641971098,0.25262066626052365,0.15308546954236618
0.1830099362290922,0.03520084335746104,0.7817892204134465
0.3481431970880151,0.3235645769184121,0.32829222599357255
0.5107258764210112,0.2064093059961766,0.282864817582812
0.23212491560642615,0.555562418931933,0.2123126654616406
0.14712189587935007,0.4943581504952035,0.3585199536254462
0.0,0.7113137204669603,0.2886862795330396
0.10342978579838578,0.8965702142016141,0.0
0.0,0.07421977440172395,0.9257802255982758
0.8534804357924028,0.030997151505637865,0.11552241270195907
0.46816728011021636,0.5318327198897833,0.0
0.1278235946067961,0.0333777458635201,0.8387986595296835
0.7906273522578764,0.1222111198131578,0.08716152792896559
0.20290273039379897,0.3918530695375685,0.4052442000686322
0.6458607294186917,1.3552527156068805e-20,0.354139270581308
0.8346487729617483,0.0,0.16535122703825114
0.6878078745095242,0.09088833945981101,0.22130378603066445
0.983726424529351,0.0162735754706487,4.336808689942018e-19
0.8509727470747215,0.0,0.1490272529252783
0.7600380387861957,0.23996196121380384,0.0
0.47929918968569385,0.0,0.5207008103143057
0.4411218870395211,0.06170322556106511,0.4971748873994134
0.6073337905392227,0.29613383423535034,0.0965323752254269
0.09270203526581039,0.5418840034027179,0.36541396133147136
0.38912258202716077,0.11504807386181104,0.49582934411102797
0.407139315108981,0.0,0.5928606848910187
0.6333976607060589,0.05992767721056014,0.30667466208338073
0.8722182732115966,0.06998992172171631,0.0577918050666868
0.0,0.5891533369153837,0.41084666308461615
0.11162021681646872,0.11087701945970352,0.7775027637238277
0.0,0.23586410658425874,0.764135893415741
0.0,0.730962982350195,0.26903701764980453
0.3383914353755983,0.3538249466561526,0.30778361796824877
0.41342624332177896,0.17302187229853758,0.4135518843796832
0.17726105294042963,0.7006069019910577,0.12213204506851236
0.29639971333004067,0.40467804802703866,0.2989222386429202
0.37431435828118187,0.6256856417188179,0.0
0.08812351192144177,0.46270422146398454,0.4491722666145733
0.3727537367015522,0.4303471920492167,0.19689907124923092
0.24135722424042833,0.7586427757595714,0.0
0.3361241337091785,0.6638758662908212,0.0
0.3743186881572747,0.625681311842725,0.0
0.7062535226340036,0.10803960043678965,0.18570687692920643
0.1834750902023863,0.2840703973554184,0.5324545124421951
0.18460274824403283,0.8153972517559669,0.0
0.648347988874697,0.19803750919508775,0.15361450193021498
0.8269934317192276,0.03162549947936033,0.1413810688014117
0.7151939591268544,0.058079170786118905,0.22672687008702638
0.0,0.8625478646095739,0.13745213539042575
0.30215606799135986,0.2564400631635216,0.4414038688451183
0.6957199955205134,0.0,0.30428000447948644
0.22949662801787604,0.6285237065292623,0.1419796654528614
0.36246526418736263,0.060801190578361364,0.5767335452342758
0.0,0.4533380854670035,0.5466619145329963
0.22407865016756034,0.14966264915009425,0.6262587006823452
0.5072806704930437,0.2902645685990732,0.20245476090788264
0.19172609145501557,0.4983961423907926,0.30987776615419144
0.21878689090313067,0.3455440709297088,0.4356690381671602
0.15810026506495153,0.2548968876418985,0.5870028472931497
0.3163106842525614,0.0,0.6836893157474383
0.19725534480388363,0.0,0.802744655196116
0.06530335879816052,0.4302283461580925,0.5044682950437466
0.0,0.7698553279358221,0.2301446720641776
0.0,0.5891516590271315,0.41084834097286815
0.19219026495723351,0.5797695044703733,0.22804023057239284
0.0,0.2960914619943131,0.7039085380056865
0.1514335700412714,0.5647751439464352,0.28379128601229314
0.46167967889301725,0.0,0.5383203211069825
0.11957968231413924,0.572955784701618,0.30746453298424253
0.08923949753319607,0.2179403496551161,0.6928201528116875
0.5507258597514121,0.0,0.44927414024858736
0.7240442961472586,0.27595570385274115,0.0
0.908291433253083,0.09170856674691669,0.0
0.09157760945978011,0.25024743985536896,0.6581749506848507
0.13440322130792165,0.8655967786920781,0.0
0.2744263852345923,0.6403004648416148,0.08527314992379242
0.0,0.6503700643266019,0.3496299356733978
0.11466931175227829,0.4383375084631566,0.44699317978456476
0.43912963340687744,0.03432509825955088,0.5265452683335714
0.5396653033970518,0.033922539573326194,0.42641215702962154
0.1339259197119639,0.35512100494620524,0.5109530753418305
0.05115085597089514,0.14260505944301993,0.8062440845860847
0.6709222790201815,0.32907772097981813,0.0
0.020506199571688997,0.9794938004283107,0.0
0.82962098895707,0.17037901104292943,2.710505431213761e-20
0.0,0.843372288069586,0.1566277119304136
0.7946833425971647,0.2053166574028352,0.0
0.39122780817930075,0.34165620784045825,0.26711598398024067
0.33479605428545484,0.0,0.6652039457145449
0.3361244318792798,0.6638755681207198,0.0
0.19786021517495483,0.6706878519145252,0.13145193291051965
0.5467953310297087,0.0692905592148017,0.38391410975548934
0.3361256007519029,0.6638743992480969,0.0
0.712129999144675,0.22557603772773208,0.06229396312759278
0.19724813139569544,0.0,0.8027518686043041
3.3881317890172014e-21,0.10625813848614318,0.8937418615138564
0.2971812563147113,0.0,0.7028187436852885
0.32851961434813576,0.4883546794863418,0.18312570616552218
0.24002475551177352,0.5251873702901593,0.23478787419806696
0.7429118901161007,0.03227339085844544,0.22481471902545344
0.7237668832708678,0.11944062966771951,0.15679248706141247
0.11502850933372233,0.22020916913489857,0.6647623215313787
0.24150471537337712,0.22981924553229108,0.5286760390943315
0.24872028642221475,0.2006246874150143,0.5506550261627707
0.37431570863533636,0.6256842913646634,0.0
0.2981405921909542,0.7018594078090455,0.0
0.3080518430066106,0.30029977537120817,0.3916483816221808
0.3359804572891577,0.113624928212468,0.550394614498374
0.0633902422448992,0.76958795266832,0.16702180508678033
0.03538429041219443,0.8266878970054554,0.13792781258234993
0.4071398412711483,0.0,0.5928601587288513
0.12904684578025247,0.5942406399452775,0.27671251427446963
0.10309907732564139,0.6210230726621533,0.2758778500122048
0.9083015105806772,0.09169848941932265,0.0
0.4314161105154306,0.5685838894845691,0.0
0.6639792797032932,2.710505431213761e-20,0.33602072029670643
0.4057942980327534,0.3083916780821514,0.2858140238850949
0.10010152726394456,0.1449699215508966,0.7549285511851586
0.2731910815973551,0.2052989570773727,0.5215099613252718
0.47875343802643644,0.32060552007080795,0.2006410419027553
0.3630466292033047,0.08689387616156632,0.5500594946351285
0.23893633316375276,0.18147145135695333,0.5795922154792935
0.3362496906353112,0.06106459928410446,0.6026857100805838
0.7520096337009055,0.17209232554184584,0.07589804075724832
0.41294420764625783,0.5870557923537417,0.0
0.29454380469474667,0.46440898358744087,0.24104721171781202
0.1763438039170753,0.17382907265105865,0.6498271234318658
0.21703655857910278,0.0,0.7829634414208969
0.6267497938305737,0.0,0.37325020616942595
0.4960193138335006,0.3784729415943336,0.12550774457216554
0.6795928823911823,0.0,0.32040711760881735
0.7775880825999827,0.2224119174000169,0.0
0.7363987262582493,0.2297835424104517,0.03381773133129873
0.25738961670097094,0.0,0.7426103832990287
0.41294383859444866,0.5870561614055511,0.0
0.2574328697287619,0.0,0.7425671302712377
0.6727850588100784,0.20540005717717455,0.12181488401274673
0.6957204221358317,0.0,0.30427957786416804
0.2523868774767938,0.1252159895412254,0.6223971329819805
0.10659407983111924,0.6470103635590269,0.24639555660985354
0.03579239902532805,0.27785182900145533,0.6863557719732163
0.0,0.9813741959155868,0.018625804084412844
0.5157313768853823,0.0,0.4842686231146175
0.5720175501162983,0.30509539344083275,0.12288705644286863
0.7776019210471504,0.22239807895284963,0.0
0.8125196394482874,0.1874803605517122,0.0
0.17792522212200232,3.3881317890172014e-21,0.8220747778779974
0.10480640210894066,0.3741736575469804,0.5210199403440787
0.5783133255205793,0.42168667447942043,0.0
0.16822823128283682,0.7688485596669462,0.06292320905021653
0.561324343141345,0.43867565685865445,0.0
0.03562077354166862,0.9643792264583309,0.0
0.20324313639716837,0.7967568636028315,0.0
0.566208820947288,0.25632107809426385,0.17747010095844792
0.4875288327882977,0.5124711672117022,0.0
0.149258349329077,0.09751365053678507,0.7532280001341376
0.2135039122306784,0.4427993143647665,0.3436967734045549
0.0,0.5696077840482132,0.43039221595178634
0.40047329571797247,0.5277160714429266,0.07181063283910077
0.14524283987013056,0.2091549523191734,0.6456022078106958
0.1972451005045356,0.0,0.802754899495464
0.21473969699504386,0.46851220961196566,0.3167480933929902
0.6140775634264782,0.3859224365735215,0.0
0.5648941904803408,0.200390387584462,0.2347154219351968
0.32578680440227215,0.558376424959265,0.11583677063846254
0.663988726264167,0.0,0.33601127373583256
0.35524555477250935,0.6447544452274904,0.0
0.7825496777275764,0.0,0.21745032227242345
0.34986432807684875,0.5611362703558729,0.08899940156727795
0.6886238269615842,0.31137617303841547,0.0
0.7380356625963029,0.13538056689832004,0.1265837705053769
0.36125115638895144,0.2391171439803625,0.3996316996306858
0.626749977287623,0.0,0.3732500227123766
0.800806941673665,0.0,0.19919305832633466
0.5875773303425884,0.0,0.4124226696574115
0.36277771888001553,0.11326956838177002,0.5239527127382142
0.5875778401026568,0.0,0.41242215989734293
0.0,0.5696125089861396,0.4303874910138602
0.27399479401698357,0.056983904802994645,0.6690213011800215
0.7752602089675136,0.10901893268199642,0.11572085835048976
0.13018899550646418,0.13279740841674753,0.7370135960767878
0.0,0.15876525399445635,0.8412347460055432
0.23729669235751652,0.0,0.7627033076424831
0.5375537224405488,0.31729275411223457,0.14515352344721633
6.776263578034403e-21,0.3572152084640212,0.6427847915359786
0.7946759976850486,0.20532400231495118,0.0
0.0,0.6503707699101655,0.3496292300898341
0.2971852897479012,0.0,0.7028147102520986
0.257388325275931,0.0,0.7426116747240689
0.0,0.9814829729515555,0.018517027048444167
0.5247388283666125,0.4752611716333872,2.710505431213761e-20
0.7063256154534991,0.2936743845465004,0.0
0.5353356153504871,0.2889516533334168,0.17571273131609577
0.3059825088772104,0.3748304152032946,0.3191870759194948
6.776263578034403e-21,0.15876424053827226,0.8412357594617274
0.0,0.04068842581679773,0.9593115741832018
0.649398749511224,0.14682485190309025,0.20377639858568541
0.9314606940652032,0.0,0.06853930593479654
0.4426829713380497,0.0,0.5573170286619501
0.4877020404639963,0.2618332868369605,0.2504646726990428
0.4411620973423457,0.08942617633699335,0.46941172632066075
0.3210883862773487,0.5871599744375899,0.09175163928506089
0.09847708443839753,0.03714803705660624,0.8643748785049958
0.13919460447984236,0.644604203035861,0.21620119248429628
0.0,0.39938652110856504,0.6006134788914348
0.752008836647756,0.1059487947699711,0.1420423685822725
0.8007888454813039,2.710505431213761e-20,0.19921115451869578
0.26293098212114074,0.3119237991017002,0.4251452187771587
0.5621148370369686,0.038751297327420775,0.39913386563561015
0.0,0.5283050868958346,0.47169491310416517
0.0,0.4939336900821593,0.5060663099178401
0.47857867702481677,0.45661216411681754,0.06480915885836536
0.8431259009490184,0.0754293300951312,0.08144476895585001
0.244551723161589,0.06262425297599117,0.6928240238624195
0.21076724143160183,0.6175327991867501,0.17169995938164784
0.6774544216573348,0.12395982707320896,0.19858575126945577
0.19280187911755356,0.7432329619388227,0.06396515894362353
0.4314156842666738,0.5685843157333258,0.0
0.1460210580640427,0.18174632198102084,0.6722326199549362
0.760457587279765,0.14084072287924396,0.09870168984099065
0.0,0.4729488487993125,0.527051151200687
0.052972945489279055,0.742918378341551,0.2041086761691697
0.6088715600760196,0.3270866613801723,0.06404177854380766
0.7144804937575904,0.033372221855308914,0.2521472843871005
0.5541296839758618,0.33436625811905385,0.111504057905084
0.374316529012985,0.6256834709870146,0.0
0.9389123941828562,0.06108760581714366,0.0
0.2634274016127408,0.5304869625919886,0.2060856357952704
0.2413613884833308,0.758638611516669,0.0
0.20852384680898395,0.09115992234304618,0.7003162308479696
0.0358633011603503,0.22042720593816711,0.7437094929014822
0.2089780462230936,0.19923092542888676,0.5917910283480192
0.0,0.27592651255023176,0.7240734874497678
0.09321750236217524,0.5131150994015039,0.39366739823632046
0.49600935527056633,0.06035686077035202,0.44363378395908154
0.24644914301759505,0.6654357279548043,0.08811512902760027
0.0519737214193177,0.9480262785806819,0.0
0.7417610860666528,0.25823891393334675,0.0
0.3167073821734141,0.41502488965998313,0.2682677281666026
0.0,0.33538068213442696,0.6646193178655726
0.0,0.23585926566915577,0.7641407343308438
0.0,0.3785783790110488,0.6214216209889509
0.3002095814909982,0.6662053211726003,0.03358509733640125
0.8467566348312487,0.15324336516875112,0.0
0.3163121054507987,0.0,0.6836878945492008
0.6709152928778442,0.32908470712215543,0.0
0.41540273306118847,0.08870063126375144,0.49589663567505987
0.5655363107804134,0.17185604076936137,0.2626076484502248
0.39387751070475807,0.6061224892952416,0.0
0.03500309873462565,0.4445242691251256,0.5204726321402484
0.12032384207843441,0.33828986448714243,0.5413862934344229
0.0,0.5486600820132354,0.4513399179867645
0.0,0.7506550972818882,0.24934490271811163
0.37969915251589004,0.3041552131326639,0.3161456343514457
0.6709208694092987,0.32907913059070104,0.0
0.30954056190953677,0.08909553056196623,0.6013639075284969
0.46738715024325234,0.061611289812222136,0.4710015599445251
1.3552527156068805e-20,0.139500369957461,0.8604996300425387
0.4555676214223444,0.5099008343545224,0.034531544223132926
0.1592552764595118,0.4651670137047529,0.37557770983573496
0.5824185109686446,0.3522191181853875,0.06536237084596763
0.067739486976643,0.5939711630814279,0.3382893499419287
0.4968860384221225,0.0,0.5031139615778772
0.7417684216230102,0.25823157837698946,0.0
0.9235985534654363,0.07640144653456347,0.0
0.8387307587867638,0.12948867560419844,0.0317805656090373
0.2413716453201809,0.7586283546798189,0.0
0.5806689431313969,0.11037838898507346,0.30895266788352915
0.4472247173410039,0.1935285001961883,0.3592467824628074
0.09204913944262128,0.48713285913097787,0.42081800142640047
0.6323198819449923,0.36768011805500733,0.0
0.0,0.9319246289140175,0.06807537108598212
0.850982451812758,0.0,0.14901754818724164
0.4142074629610814,0.11684700391428218,0.46894553312463594
0.2331385213402932,0.09259782457219351,0.674263654087513
0.0,0.05810973522096953,0.9418902647790303
0.37850240589268075,0.558106589153575,0.06339100495374383
0.7600468507326538,0.23995314926734587,0.0
0.14773989828273817,0.3102050970069797,0.5420550047102818
0.5064580443039606,0.457147678203206,0.03639427749283314
0.2433803331123306,0.035639585838766696,0.7209800810489025
0.7810801386698809,0.1507868213696285,0.06813303996049008
0.0,0.39937931598034154,0.6006206840196582
0.2728946600358956,0.6670893094908318,0.0600160304732722
0.46118808829172125,0.2651085783615264,0.2737033333467521
0.6874221344872343,0.062090836669079885,0.2504870288436854
0.6201788472766139,0.22546308257106695,0.15435807015231873
1.6940658945086007e-21,0.6503705795448395,0.34962942045516043
0.0,0.04071016977500644,0.9592898302249933
0.1593203901725407,0.0,0.8406796098274588
0.9683111796898407,0.03168882031015878,2.710505431213761e-20
0.0,0.3353663024716798,0.6646336975283198
0.5332342507036562,0.0,0.4667657492963436
0.0,0.8083224580965807,0.1916775419034189
0.3709029085689303,0.0,0.6290970914310694
0.09900751850028142,0.32934029727817155,0.5716521842215467
0.5613206435646491,0.4386793564353505,0.0
0.7423722606319498,0.08617329298368487,0.17145444638436483
0.09634620613050925,0.0,0.9036537938694903
0.481132195492501,0.48330601557961245,0.03556178892788614
0.24169673692854807,0.4384961891611406,0.319807073910311
0.03276554974129592,0.854317669090829,0.11291678116787479
0.14268652004387947,0.0,0.8573134799561201
0.06712546456674767,0.05370989607691157,0.8791646393563404
0.0,0.8433460140484782,0.15665398595152152
0.4249400601816587,0.0,0.5750599398183409
0.0,0.29607291928859686,0.7039270807114029
0.03471435059195788,0.7043975730592242,0.26088807634881744
0.118562988333208,0.5154511051244981,0.3659859065422937
0.4670251961327855,0.37987012315562046,0.15310468071159397
0.07721524064856028,0.19385859763675073,0.7289261617146886
0.39252236486859987,0.22741867892223355,0.3800589562091663
0.5893783553595087,0.03482688221732139,0.37579476242316984
0.06216302837498172,0.7965630914029659,0.1412738802220521
0.14727405542712263,0.8196436281533062,0.03308231641957082
0.12654680455268044,0.27193041254725714,0.601522782900062
0.38925821986948694,1.3552527156068805e-20,0.6107417801305127
0.41474981341088557,0.44255762258645365,0.1426925640026606
0.7494281217885678,0.0,0.25057187821143173
0.5958256919651221,0.40417430803487747,0.0
0.4688112280421897,0.1417186415045171,0.389470130453293
0.7083458544907528,0.1543941960684494,0.13725994944079745
0.6847031228888881,0.2796383891237409,0.03565848798737076
0.2032612814194118,0.796738718580588,0.0
0.5958247016700281,0.4041752983299713,0.0
0.23604359880980696,0.31483598060758716,0.44912042058260565
0.7189398773560813,0.19527128157469614,0.08578884106922219
0.057878956124961356,0.6763302509523037,0.2657907929227346
0.9096007290105839,0.04305978932211807,0.04733948166729768
0.3347100285932396,0.1394886583876248,0.5258013130191352
0.5689519741332041,0.0,0.4310480258667957
0.6071676917989866,0.0,0.3928323082010132
0.18287116082710275,0.4746981004052387,0.3424307387676582
0.21704780475738275,0.0,0.7829521952426169
0.1629990479737722,0.6129845199121899,0.22401643211403757
0.8008045022239693,0.0,0.19919549777603046
0.05155630111093268,0.9175057338167933,0.0309379650722737
0.29718425077163113,0.0,0.7028157492283685
0.49136543429089957,0.11481571481924852,0.3938188508898516
0.3843563934584244,0.17544487208165585,0.44019873445991947
0.10525344939902481,0.06592876984946944,0.8288177807515054
0.4976527249035775,0.4062978517523815,0.09604942334404068
0.08897047467466312,0.847639987759957,0.0633895375653794
0.513615244178596,0.26019745571316605,0.22618730010823765
0.2413695413866301,0.7586304586133694,0.0
0.25740287207700213,0.0,0.7425971279229974
0.0,0.19710099857186217,0.8028990014281374
0.14467843019692203,0.42220757376439905,0.4331139960386787
0.18789319561790047,0.2511821766766938,0.5609246277054052
0.3342794775056627,0.23978864193963628,0.4259318805547007
0.33614080086376796,0.6638591991362319,0.0
0.18755753030876218,0.06061217595379309,0.7518302937374444
0.7320189453160687,0.0,0.26798105468393096
0.0,0.31534560069022277,0.6846543993097768
0.03214592992660564,0.907823182263124,0.060030887810269884
0.26081794772960193,0.7391820522703976,0.0
0.0,0.1587339657350406,0.841266034264959
0.0,0.9487694819625077,0.05123051803749206
0.03735023849081792,0.6166286642446852,0.3460210972644965
0.5157314450084114,0.0,0.4842685549915883
0.83465014278342,0.0,0.1653498572165798
0.20190230080958266,0.17707897234706477,0.6210187268433522
0.5332343415196183,0.0,0.46676565848038126
0.5738440874150659,0.06551926517953183,0.36063664740540186
0.11571690973371612,0.1904535003454664,0.6938295899208171
0.8837778539053527,0.0,0.11622214609464683
0.6842886640008939,0.24926306052474206,0.06644827547436366
0.35081050596107194,0.5865807960821914,0.06260869795673629
0.4318185964094846,0.27892325711463817,0.28925814647587694
0.08524318590763723,0.9147568140923623,0.0
0.25138350183035363,0.3851377925700832,0.36347870559956286
0.36651327939888495,0.5096172364960414,0.12386948410507342
0.0,0.5486602584114457,0.45133974158855383
0.4681637645904524,0.5318362354095472,0.0
0.512908874986862,0.2321662375971481,0.2549248874159895
0.6352966225058039,0.0868040289555782,0.27789934853861764
0.44268893547861804,0.0,0.5573110645213815
0.1975260481196023,0.142966260909028,0.6595076909713695
0.17158112587712257,0.6355283370509333,0.19289053707194376
0.11135952944559324,0.722501225768988,0.1661392447854184
0.034336002200924975,0.3875086147536868,0.578155383045388
0.0,0.4729476048426481,0.5270523951573518
0.1915885997354029,0.344950826780472,0.4634605734841249
0.15119661643079674,0.8488033835692027,0.0
0.20324669867551406,0.7967533013244856,0.0
0.0,0.39938495100922333,0.6006150489907762
0.48753041813029346,0.5124695818697063,0.0
0.6785010681471557,0.17632774313035027,0.1451711887224937
0.5875777513498035,0.0,0.4124222486501963
0.553461851122899,0.3618699933206857,0.08466815555641494
0.35883314435308733,0.46639579752072935,0.17477105812618302
0.8648464792494983,0.04801321784222623,0.08714030290827485
0.0,0.47294837861431027,0.5270516213856895
0.3531766727122149,0.419169310775953,0.22765401651183173
0.5507251463640177,0.0,0.44927485363598196
0.2730763199317337,0.693000297415334,0.03392338265293199
0.08525321640846865,0.914746783591531,0.0
0.0852517910168744,0.9147482089831251,0.0
0.06946334723876307,0.17018158627909255,0.760355066482144
0.6519027081008504,0.34809729189914945,0.0
0.0,0.9319253222166409,0.06807467778335867
0.290259557354879,0.440149258096534,0.26959118454858666
0.0,0.6091478931709898,0.3908521068290099
0.2906893936423195,0.28692765119133656,0.4223829551663436
0.09088245978302217,0.7905752433790254,0.11854229683795203
0.539369974283564,0.2296961282919259,0.23093389742450976
0.427834567814793,0.24800234358420703,0.3241630886009995
0.03481958528661566,0.4715269432425668,0.49365347147081723
0.2266126930338242,0.6564055196260279,0.11698178734014775
0.38916330199508814,0.06044273325474464,0.5503939647501668
0.0,0.6718519322212779,0.32814806777872174
0.6519013103564111,0.3480986896435885,0.0
0.0,0.843333031157515,0.15666696884248443
0.10359750950908403,0.40145117207141456,0.4949513184195011
0.6267497365877818,0.0,0.37325026341221806
3.3881317890172014e-21,0.6718508939308295,0.32814910606917
0.1514511029422948,0.04010659768689251,0.8084422993708122
0.38503279936278983,0.3989426451035285,0.21602455553368133
0.03566876043307604,0.5250311214981553,0.43930011806876823
0.0,0.3785834270632846,0.6214165729367153
0.06549943938233166,0.540935790418367,0.393564770199301
0.41294278915980975,0.5870572108401898,0.0
0.0,0.235856260863264,0.7641437391367356
0.09546350371057738,0.7569364789157677,0.14760001737365464
0.0,0.6297549393478632,0.3702450606521365
0.32708838218888087,0.1926167760941494,0.4802948417169695
0.3708989742489712,0.0,0.6291010257510286
0.21011380240940492,0.5491361367801031,0.2407500608104916
0.7409490102638074,0.20127813755515062,0.0577728521810415
0.4616802018191888,0.0,0.5383197981808109
0.44931285468721516,0.5506871453127845,0.0
0.4616789489632516,0.0,0.5383210510367479
0.6957141832491407,0.0,0.30428581675085903
