1.0,0.0,0.0
0.0,1.0,0.0
0.0,0.0,1.0
0.3176022678418656,0.2817564197605379,0.40064131239759604
0.1910494008358528,0.6788407378834693,0.1301098612806775
0.38090625703152714,0.3779055870311897,0.24118815593728282
0.6110683534094877,0.0,0.3889316465905119
0.18062144980677322,0.727901704911534,0.09147684528169225
0.10075079098064255,0.0490496184495553,0.8501995905698017
0.32408152858428835,0.558450027590177,0.11746844382553426
0.143209777810783,0.22145494296250207,0.6353352792267146
0.7370135039843786,0.18504115351846942,0.07794534249715179
0.2978846059739363,0.14962596909109865,0.5524894249349647
0.22685712379577552,0.7220315792378349,0.05111129696638933
0.5937361030251698,0.20339834992395972,0.2028655470508701
0.2796637109977904,0.3323848289940984,0.387951460008111
0.4239361799308502,0.2717306159787926,0.30433320409035697
0.7343053307274133,0.2656946692725864,0.0
0.6709210287306426,0.2671811969116558,0.061897774357701274
0.050131590692643224,0.4802083905263962,0.46966001878096014
0.0,0.5093161677811431,0.49068383221885653
0.9118842594116244,0.0881157405883755,0.0
0.5722999061742462,0.13771366393100434,0.28998642989474904
0.3478835965204339,0.6024237517732083,0.049692651706357616
0.0,0.6287356184710065,0.37126438152899316
0.05258461227709127,0.12932981964556667,0.8180855680773418
0.34764661983163464,0.13954026415373352,0.5128131160146315
0.32715246150174765,0.40138431841249717,0.2714632200857549
0.0,0.11561634096459235,0.8843836590354075
0.6226727698587391,0.03771515757644894,0.3396120725648118
0.32987880602986264,0.670121193970137,0.0
0.8261706396629634,0.17382936033703605,0.0
0.4027607331738846,0.19053581082125126,0.4067034560048638
0.09562704716184894,0.46888941210042046,0.4354835407377302
0.5868144537869563,0.31557493262967856,0.09761061358336467
0.6289450652207127,0.2172574128243293,0.15379752195495788
0.390780987194771,0.08661223151198102,0.5226067812932478
0.0,0.41491061826053394,0.5850893817394657
0.4789390493680857,0.2860034265574996,0.2350575240744143
0.5450339001933773,0.23815768191381598,0.2168084178928065
0.16863482072043331,0.46945124295355917,0.3619139363260071
0.0,0.38296077648860416,0.6170392235113955
0.7121091292400916,0.0,0.28789087075990805
0.05117216633106708,0.0866224953242451,0.8622053383446875
0.49100341534522257,0.5089965846547769,0.0
0.049893076978241135,0.3080617798912953,0.6420451431304632
0.1483495020117588,0.5212740372740016,0.3303764607142393
0.8219359975187088,0.08196555823337864,0.09609844424791225
0.0,0.4465730907537076,0.553426909246292
0.0,0.7182460206116361,0.2817539793883638
0.542993762978592,0.09709454708589094,0.35991168993551687
0.02477766801695247,0.9469852835916881,0.028237048391359265
0.481720207295241,0.3322275699726984,0.18605222273206007
0.4883992447093854,0.12312384910915883,0.38847690618145536
0.42618902958633764,0.37871216906880883,0.19509880134485327
0.0,0.8644489964245823,0.1355510035754174
0.7683232187255304,0.12411102610051516,0.10756575517395398
0.2770177858436902,0.0,0.7229822141563095
0.5911229448760686,0.08666881399217674,0.32220824113175445
0.3305776217000379,0.4528162303596008,0.21660614794036112
0.41104788909478224,3.3881317890172014e-21,0.5889521109052175
0.34474147148406026,0.0,0.6552585285159394
0.496081970765649,0.3652322599393398,0.13868576929501086
0.4160740641289382,0.10970562049421861,0.47422031537684284
0.1688974001791538,0.6024913970816372,0.22861120273920846
0.5008573906682575,0.23716447033626092,0.2619781389954812
0.4986676856142708,0.044963905333403054,0.45636840905232584
0.18751211905249562,0.3296038980857888,0.48288398286171524
0.0,0.18677008492055866,0.8132299150794409
0.35557056640059287,0.34852488143585886,0.2959045521635479
0.19417596190901124,0.410943878579043,0.3948801595119454
0.048701809070875124,0.3923561254089925,0.558942065520132
0.16885877225824486,0.17130832748542713,0.6598329002563279
0.2451267754821346,0.3827059529096099,0.3721672716082553
0.788736445534673,0.15903075422996374,0.05223280023536292
0.39607830297785146,0.4591499243584051,0.14477177266374314
0.21334162458361877,0.5508662471766941,0.2357921282396868
0.08693454933121741,0.8094615460230473,0.10360390464573499
0.3846800237359533,0.04823407428618365,0.5670859019778628
0.1911997065364635,0.0,0.8088002934635362
0.13891931628905746,0.7154496602365679,0.1456310234743744
0.0,0.3180750583969981,0.6819249416030017
0.4765940457509017,3.3881317890172014e-21,0.5234059542490979
0.6651614369050356,0.16539628220443728,0.16944228089052682
0.6771069182116944,0.21505266164093012,0.10784042014737505
0.376888595628574,0.5540852223940861,0.06902618197733962
4.235164736271502e-22,0.6585754782396409,0.34142452176035887
0.38157123596704046,0.4242236920471847,0.1942050719857745
0.8643004367250264,0.13569956327497326,0.0
0.37494345410787927,0.16394101535665578,0.4611155305354646
0.16323050943892742,0.3881603577868736,0.4486091327741988
0.3097575358189423,0.35517498325751057,0.335067480923547
0.9517988883497994,0.038714470373321985,0.009486641276878094
0.2975548963523853,0.6194934575218275,0.08295164612578682
0.0,0.5989122395647366,0.40108776043526295
0.2982127983857874,0.7017872016142123,0.0
0.46323221590161956,0.2248462755307708,0.31192150856760936
0.5568746803317269,0.18807266062523395,0.2550526590430386
0.11739377910187732,0.6378019854794765,0.24480423541864582
0.0,0.22046969823640994,0.77953030176359
0.19832374170138461,0.20359308038459178,0.5980831779140232
0.12140157431711808,0.8785984256828815,0.0
0.8158664337559579,0.0,0.1841335662440417
0.4149666100739278,0.49144027269841517,0.09359311722765651
0.09972984667179971,0.0,0.9002701533281999
0.8164620335614066,0.042351321313589596,0.1411866451250033
0.6288517725019771,0.09977678518849784,0.27137144230952476
0.0,0.8084170431637114,0.19158295683628815
0.09459322225375585,0.5451176718456195,0.36028910590062435
0.21756366504626187,0.35259091604507004,0.4298454189086677
0.053573155428079944,0.6019484277883613,0.34447841678355845
0.5430102828952632,0.3622767624379473,0.0947129546667892
0.20146063202384423,0.04971712638451481,0.7488222415916408
0.5720026029423869,0.04704322080643719,0.3809541762511756
0.0,0.38265106171743335,0.6173489382825664
0.6339226136488907,0.31404076441062573,0.052036621940483196
0.2321248618987393,0.5840969444071717,0.1837781936940887
0.5749007001361524,0.0,0.42509929986384726
0.0587417994653009,0.0,0.9412582005346986
0.28480209155052544,0.5359894635172364,0.17920844493223792
0.5212073413545708,0.07000765221743993,0.40878500642798893
0.6625549134608855,0.04834047541341929,0.28910461112569485
0.31131537231286055,0.0,0.6886846276871391
0.18588242180943476,0.6356133193860889,0.17850425880447593
0.46410674506967314,0.48196402537710054,0.053929229553226044
0.5420914457278698,0.31838229941375606,0.13952625485837372
0.1378271631901313,0.361922334049684,0.5002505027601845
0.0,0.44659915000992556,0.5534008499900741
0.20232049898647608,0.7976795010135236,0.0
0.2958880103023043,0.04975012320117833,0.654361866496517
0.9341548143815077,0.0,0.06584518561849212
0.1530449341735283,0.30638810632418856,0.5405669595022828
0.668044377426484,0.1179992599568081,0.21395636261670753
0.2345018829666167,0.765498117033383,0.0
0.7192948594386055,0.23327547015756384,0.04742967040383039
0.2927842165591398,0.1005213842255947,0.6066943992152652
0.24054070692822835,0.0,0.7594592930717713
0.7535619186957844,0.0,0.2464380813042151
0.660033335016675,0.33996666498332456,0.0
0.27463501818609426,0.26379072449729396,0.46157425731661134
0.16159744296074363,0.7876261439528929,0.05077641308636316
0.4665294400881069,0.09203654945432951,0.44143401045756336
0.5420617646823066,0.0,0.4579382353176931
0.08816372862593713,0.7547913668040391,0.1570449045700234
0.25219647973031234,0.09356397240774733,0.65423954786194
0.49100625904928064,0.5089937409507189,0.0
0.11115745846834002,0.8379428050939992,0.05089973643766049
0.7156169170369036,0.11055851509136172,0.1738245678717344
0.6249852750331913,0.37501472496680843,0.0
0.14874519564280445,0.0477447227179964,0.8035100816391988
0.04926745066475635,0.044268393584040944,0.9064641557512023
0.0,0.9123016537462173,0.08769834625378228
0.04001328738074955,0.8166744586050828,0.14331225401416742
0.5918132729994335,0.358015654458068,0.05017107254249803
0.5263628077870361,0.2862840823769438,0.1873531098360198
0.2487399171184383,0.1610833577478532,0.5901767251337082
0.1525371969626912,0.09121230184017998,0.7562505011971286
0.11893548260126297,0.18007381134614453,0.7009907060525924
0.1562787542505109,0.1330048874449649,0.710716358304524
0.1035945875453182,0.0965891468351317,0.7998162656195498
0.15476613944319978,0.25971862901119797,0.585515231545602
0.059376352465418114,0.5175112625314013,0.4231123850031801
0.6148518603654551,0.1516965929282845,0.23345154670626003
0.23414504141959405,0.6346580829451702,0.13119687563523535
0.08246539291017263,0.6924008950633154,0.22513371202651178
0.5080937045517449,0.44346825921635874,0.04843803623189591
0.21353994774515173,0.27587051070308743,0.5105895415517604
0.6956530336524411,0.06533914325064372,0.23900782309691493
0.16273568579625508,0.8372643142037447,0.0
0.05038777120751592,0.6736330123138059,0.2759792164786778
0.5208044618828822,0.1448375919019111,0.33435794621520637
0.6693743348014137,0.0,0.3306256651985859
0.14473585945249576,0.0,0.8552641405475039
0.04670450278746702,0.5633842523797328,0.38991124483279976
0.5908622173319843,0.4091377826680153,0.0
0.10273556411429743,0.14441064304807918,0.7528537928376231
0.0787261738493016,0.9212738261506982,0.0
0.509265819357925,0.0,0.49073418064207486
0.8374702718837483,0.11403680302343888,0.04849292509281239
0.16142483623011392,0.5627361322651923,0.2758390315046935
0.0894093617271085,0.3946634479087508,0.5159271903641403
0.4191462548302651,0.22537951235207068,0.35547423281766405
0.3339242345661803,0.22054881165128176,0.44552695378253776
0.45011158611464425,0.05349979368900076,0.49638862019635466
0.3662807730506772,0.5148642123877889,0.11885501456153352
0.3779893841476024,0.0,0.6220106158523973
0.0,0.07529534299512788,0.9247046570048718
0.5500350378219405,0.40151812708965184,0.048446835088407414
0.36158419565082023,0.6384158043491794,1.6940658945086007e-21
0.5118007296251083,0.18969283704662934,0.29850643332826216
0.33914630547984037,0.051105574236628426,0.609748120283531
0.7145370581071396,0.15706812669134806,0.12839481520151189
0.27364859923950596,0.40917809140954486,0.31717330935094884
0.050427197247961686,0.43854762029432987,0.511025182457708
0.08188095889278635,0.623758601682805,0.29436043942440826
0.10113635390126058,0.3483570205966355,0.5505066255021037
0.21747255071041732,0.14108049831942518,0.641446950970157
0.2488023812965803,0.050182065535927745,0.7010155531674915
0.2664830557714709,0.7335169442285286,0.0
0.1442437757078221,0.44040657574922615,0.4153496485429514
0.8849183691818525,0.007125966376156534,0.10795566444199076
0.10537185564433404,0.3051453347275125,0.589482809628153
0.785591271842168,0.21440872815783163,0.0
0.4250743012415474,0.5749256987584525,0.0
0.33642026519541063,0.494238546444301,0.16934118836028786
0.49849864571139124,0.406646592413873,0.09485476187473538
0.4354374109348383,0.14176276788932227,0.42279982117583925
0.09476939601112194,0.2278429997791201,0.6773876042097577
0.7665386530790348,0.07996087706521376,0.1535004698557513
0.43861005500809275,0.33155460387360597,0.22983534111830098
0.4037178609254361,0.3205078059035392,0.2757743331710245
0.050637349930971354,0.174076446044862,0.7752862040241664
0.1100867942725347,0.42149141872495793,0.4684217870025069
0.1136525646670159,0.5747417025654276,0.3116057327675562
0.25969522165602865,0.5056525373632521,0.23465224098071905
0.42490524495843396,0.5282030774597297,0.04689167758183593
0.09798673633571028,0.26814773498995464,0.6338655286743347
0.6229314538855102,0.2660753749168675,0.11099317119762189
0.13110331659142846,0.7651924868828541,0.10370419652571722
0.11738068195307538,0.49589211582157017,0.38672720222535406
0.4642992219838221,0.1756089970625577,0.36009178095361993
0.20452175927966934,0.09716017100744082,0.6983180697128895
0.0,0.3497434995502506,0.650256500449749
0.0,0.7781223076035823,0.2218776923964177
0.0,0.509325689794232,0.4906743102057676
0.4521537363857307,0.4454006190059321,0.10244564460833708
0.0,0.5404890010406609,0.4595109989593388
0.23970008736729076,0.46856000212233173,0.2917399105103772
0.0,0.2857972883826172,0.7142027116173824
0.44657851364809337,0.40641507503439267,0.14700641131751366
0.0,0.47804732554289703,0.5219526744571027
0.5254068504836096,0.47459314951639026,0.0
0.19763268547721813,0.5123610149295162,0.2900062995932653
0.05377441500375979,0.8706657856381508,0.0755597993580891
0.0,0.25326120777197264,0.746738792228027
0.3398054593916232,0.09727856395928008,0.5629159766490961
0.058645825281663844,0.21303296009612047,0.7283212146222152
0.5578222537803399,0.4421777462196598,0.0
0.27306530139932766,0.67146290064213,0.055471797958542124
0.4569265216789697,0.54307347832103,0.0
0.0,0.6883913711438265,0.3116086288561732
0.05036906317440093,0.7432369086668931,0.20639402815870575
0.0,0.5697021423954067,0.430297857604593
0.7474223807559002,0.0480852963344634,0.2044923229096361
0.13435618876435965,0.6733129737788446,0.1923308374567953
0.0,0.7481150754925256,0.251884924507474
0.048751979116888444,0.26516741364347324,0.6860806072396382
0.28852536911481214,0.4504105814125738,0.26106404947261386
0.6965642695684662,0.30343573043153355,0.0
0.2751788928973574,0.5896058909566363,0.1352152161460061
0.3683534619787754,0.2428660007052967,0.3887805373159276
0.0,0.15237963133843055,0.8476203686615692
0.44384779616218284,0.0,0.5561522038378168
0.055435932025727774,0.34696913018686826,0.5975949377874037
0.39330823534473397,0.6066917646552655,0.0
0.21877354235389085,0.4391206763662232,0.34210578127988556
