1.0,0.0,0.0,0.0
0.0,1.0,0.0,0.0
0.0,0.0,1.0,0.0
0.0,0.0,0.0,1.0
0.5141140468261687,0.19966139132781097,0.2862245618460204,0.0
0.3826243230914255,0.2965263632352552,0.3208493136733192,0.0
0.6441964501489787,0.17264978640136047,0.0,0.18315376344966072
0.6748459304157226,0.0,0.2599948626173241,0.06515920696695351
0.2690476117531943,0.5432207488298136,0.0,0.18773163941699214
0.26044196772710443,0.20811252715738696,0.0,0.5314455051155087
0.0,0.2552100092754142,0.07278146257306002,0.6720085281515258
0.0,0.21280087986866555,0.3913304356731698,0.3958686844581646
0.3806314541600987,0.5581729312345861,0.0,0.061195614605315175
0.029624023397849846,0.0,0.33776174140849285,0.6326142351936572
0.3776308223183879,0.4112826356872192,0.21108654199439278,3.469446951953614e-18
0.14781749114010692,0.1185338503332501,0.733648658526643,0.0
0.15415624213259618,0.15804077163538524,0.0,0.6878029862320186
0.27277276391369626,0.2845110629438805,0.44271617314242323,0.0
0.12314470564275129,0.2990370474955964,0.0,0.5778182468616523
0.43080499933611477,0.4190424529051659,0.0,0.1501525477587194
0.0,0.455933116927549,0.4579512882524962,0.08611559481995475
0.0,0.7368679805232611,0.10774884879907125,0.15538317067766763
0.1534552622503821,0.2671528021707555,0.5793919355788623,0.0
0.0,0.4932631358871395,0.32786030572693814,0.17887655838592229
0.14277346617006048,0.3981880120170043,0.45903852181293514,0.0
0.22325667384617728,0.0,0.02784647736266135,0.7488968487911613
0.1415284481275945,0.27532736731077206,0.2806323325836689,0.30251185197796454
0.5302524780726644,0.0,0.20262354737750157,0.26712397454983405
0.5295339723218169,0.31150505865488304,0.1589609690233002,0.0
0.11201427184346735,0.42527645590853025,0.0,0.4627092722480025
0.5130297140643447,0.0,0.3300785120420679,0.1568917738935874
0.47152726260510647,0.45177286980207176,0.07669986759282177,0.0
0.31333504160450926,0.07064328901479536,0.0,0.6160216693806955
0.14511781663776668,0.2658522913869038,0.14606656250124564,0.4429633294740839
0.0,0.3209992231746241,0.5231791579344437,0.15582161889093227
0.0,0.36529292681513964,0.10965534739994515,0.5250517257849151
0.0,0.5631742957778879,0.1771581470021183,0.2596675572199936
0.27997517722686155,0.1513749963714436,0.4237565446986295,0.14489328170306545
0.4995265273203684,0.2786537948074862,0.0,0.22181967787214532
0.0,0.6304452150150621,0.2575303721323245,0.11202441285261347
0.0,0.3121178464911742,0.25922526536324997,0.4286568881455758
0.27089702325911225,0.6478973540910333,0.08120562264985441,0.0
0.2715421359470421,0.0,0.3389828784288172,0.3894749856241408
0.1492957477346282,0.14692052545150908,0.41877385386195076,0.285009872951912
0.0,0.2069540254625641,0.6620466221636213,0.13099935237381463
0.43448329268280544,0.043732000732733894,0.5217847065844606,0.0
0.40785065914389684,0.1699760127873336,0.4221733280687695,0.0
0.2822991327791285,0.14819395850836614,0.2826848935145434,0.28682201519796197
0.33000463605721747,0.39235647164071147,0.0,0.2776388923020711
0.2535897771568685,0.4150736712105255,0.331336551632606,0.0
0.27990019786605586,0.2948183617430221,0.2743688404852745,0.1509125999056475
0.5164925680094395,0.14921594204841696,0.0,0.3342914899421434
0.14940802294988073,0.5549991820519504,0.14904555710693587,0.1465472378912329
0.14972554731849694,0.41625432277641067,0.16027111256313772,0.2737490173419546
0.3991047147486719,0.0,0.21501581817284915,0.385879467078479
0.0,0.0726200229379249,0.5515070420466724,0.37587293501540253
0.16390384404261946,0.0,0.17153213655241806,0.6645640194049625
0.11947427990141306,0.5347388720830543,0.3457868480155326,0.0
0.38612967453495406,0.25715458354841475,0.0,0.3567157419166312
0.2925996101649272,0.42325204939619226,0.13709123795754757,0.14705710248133302
0.0,0.23355619856444798,0.20504164686391121,0.5614021545716408
0.5569907376007089,0.060444478455003656,0.3825647839442874,0.0
0.24772618047825476,0.33390913041026676,0.0,0.4183646891114785
0.28498373187300785,0.2826747049994286,0.1449689232451729,0.28737263988239053
0.017295378224132466,0.0,0.46791545118949407,0.5147891705863735
0.0,0.11306412043005584,0.21470379755078198,0.6722320820191622
0.054648465948314295,0.5727657106011738,0.0,0.372585823450512
0.16030342117354368,0.7641366132670702,0.0,0.07555996555938617
0.27349020943920577,0.0,0.4582382653275341,0.26827152523326014
0.0,0.33512516733799963,0.39345241085894883,0.2714224218030516
0.1495970943054728,0.0,0.34116415450329735,0.5092387511912299
0.41324156763369396,0.15414050132592652,0.286179617586617,0.14643831345376257
0.148102981697927,0.2935454539662829,0.40823711531774964,0.15011444901804052
0.1374815241910086,0.6511973210108931,0.21132115479809827,0.0
0.006054843692994825,0.3811831778476499,0.6127619784593552,0.0
0.39535082551159617,0.0,0.453656641673481,0.1509925328149228
0.14747677456190264,0.0,0.4640740428163246,0.38844918262177286
0.0,0.1320084326193513,0.3390526376159188,0.5289389297647299
0.6699366877473054,0.0,0.07862771795331268,0.2514355942993819
0.27106426804503425,0.0,0.22022593032754095,0.5087098016274247
0.8105017999511931,0.037368787479130555,0.08816666158694739,0.06396275098272902
0.29109913033469687,0.15121887999155362,0.5576819896737495,0.0
0.19532032414724837,0.47757740981093943,0.0,0.3271022660418121
0.42653793057563255,0.15514572763549292,0.14785907017877525,0.27045727161009925
0.14766757489566715,0.1444621780846267,0.564768029903931,0.14310221711577525
0.4008202990032843,0.13192242057878775,0.0,0.4672572804179279
0.5800714662951576,0.13492164568827789,0.1645182953449906,0.12048859267157389
0.3926301862619741,0.0,0.3347730995136594,0.2725967142243665
0.2600523214701342,0.5319767866574266,0.2079708918724391,0.0
0.2875047004977191,0.0,0.5922335250897327,0.12026177441254819
0.5787605733318198,0.34313747575273035,0.0,0.07810195091544983
0.5211519582015233,0.0,0.08568434534537503,0.3931636964531016
0.0,0.21035951553956825,0.5088712485238979,0.28076923593653397
0.28749391248480344,0.14580372099665495,0.14575637054638016,0.42094599597216137
0.0,0.4247686780810957,0.2623629649966674,0.3128683569222369
0.39069416805767826,0.0,0.1003786252527592,0.5089272066895626
0.0,0.11543372721754808,0.062464675827126774,0.8221015969553251
0.0,0.4727330537020393,0.12759853728016515,0.39966840901779566
0.1571677444126433,0.0,0.5847978290827,0.2580344265046568
0.12834104679428496,0.6476373153063067,0.0,0.22402163789940832
