1.0,0.0,0.0,0.0,0.0,0.0,0.0,0.0,0.0
0.0,1.0,0.0,0.0,0.0,0.0,0.0,0.0,0.0
0.0,0.0,1.0,0.0,0.0,0.0,0.0,0.0,0.0
0.0,0.0,0.0,1.0,0.0,0.0,0.0,0.0,0.0
0.0,0.0,0.0,0.0,1.0,0.0,0.0,0.0,0.0
0.0,0.0,0.0,0.0,0.0,1.0,0.0,0.0,0.0
0.0,0.0,0.0,0.0,0.0,0.0,1.0,0.0,0.0
0.0,0.0,0.0,0.0,0.0,0.0,0.0,1.0,0.0
0.0,0.0,0.0,0.0,0.0,0.0,0.0,0.0,1.0
0.1864631626848626,0.18929236338286076,0.18619461235827003,0.1687646317732219,0.027630351060500075,0.0,0.027836411329443613,0.0276725122150692,0.18614595519577185
0.10708202698572458,0.030706630831367876,0.15058433782981803,0.11362373571557416,0.20549530157091628,0.07249951102763126,0.0,0.09843647683587065,0.22157197920309726
0.10696490851527939,0.1825028021062491,0.0006437516926181828,0.0,0.14535694895019619,0.18691796603391805,0.09718938951561094,0.12575969979746543,0.15466453338866254
0.19251270086852065,0.0,0.00013780323981257462,0.1890818568516798,0.1926215931936018,0.1948000062990782,0.22902214509012328,0.0010428465714057784,0.0007810478857780514
0.00022158124995777485,0.19591517326971308,0.00043943264908166474,0.18874085331034307,0.0,0.1415804522444365,0.23235693570479454,0.016504957926618796,0.22424061364505476
0.0002208517270393551,0.19591019125331027,0.000438724632564414,0.1887357607222124,0.0,0.14157671972578698,0.23234698771140977,0.01650363032671284,0.22426713390096417
0.19190211300981294,0.0,5.9145528264194883e-05,0.18898086116359103,0.19294262281316418,0.1950566431705758,0.22955930523112386,0.0009091907772723597,0.0005901183061954813
0.14323059112780465,0.18306138784546644,0.18048860700717406,0.0,0.016590222448991544,0.0799627635910869,0.14475061334099235,0.1273621789631985,0.1245536356752856
0.06694373538328728,0.14270170803326437,0.18458728484292888,0.07455772340495269,0.0,0.1227156859755127,0.21709954867918282,0.06870013685955201,0.1226941768213193
0.15054777628092866,0.15207563484614933,0.1327568466954724,0.13439474765935394,0.1348692959342357,0.0,0.12394077158943108,0.030632380521937435,0.14078254647249144
0.0024355738098231325,0.003215904731842095,0.22481997525038544,0.19409481303482046,0.19085503707874943,0.0,0.1889064164662558,0.19291217295328475,0.002760106674838877
0.20761503365379505,0.014504646733398375,0.20719496589524358,0.03944273011169358,0.20762703859535864,0.20741200435036075,0.04902583438704222,0.06717774627310798,0.0
0.1304712149647026,0.07505879242025199,0.0,0.08262443397641404,0.13472960243682422,0.11894028009819374,0.08755617470215357,0.16476929800343448,0.20585020339802526
0.1969335393786804,0.00023767088836180138,0.20288409871623658,0.00019778212318156616,0.0,0.19664791308534885,0.20004602713549896,0.20300695114773792,4.601752495399063e-05
0.1168098937659939,0.0,0.04137769674317236,0.1852751320937505,0.19483541544361588,0.18432987606141873,0.19128423897112445,0.04041266990614713,0.04567507701477685
0.0,0.22441867148556646,0.00034689472716414985,0.19520982406946083,9.306465210762933e-05,0.0007737677089397776,0.18276703918145165,0.15868745948043228,0.2377032786948772
0.0002288214333718938,0.1961063692496958,0.00044070952837205635,0.18927874664212832,0.0,0.1413077355219887,0.23108330744010042,0.01833219606893961,0.2232221141154033
0.18122176133790835,0.0914965702490025,0.19399108596708228,0.10290017452252881,0.18285175229791253,0.15824319263708145,0.07471289358597862,0.014582569402505175,0.0
0.04655689029630705,0.2030048418759608,0.20352911977949134,0.04906501339789599,0.0470528176814614,0.04521917767508503,0.0,0.2030164198080978,0.2025557194857006
0.19690729390396597,0.000242129366533372,0.20288710480765243,0.00020133805208513364,0.0,0.19660954440342843,0.20007045325963724,0.20303419584534596,4.7940361351687943e-05
0.1855601870615053,0.18745096442957573,0.18612456347691814,0.17321516927675573,0.027217060917879756,0.0,0.02737581009255531,0.027250558321478005,0.18580568642333228
0.19160252948300943,0.00013138544305374864,0.0,0.1887180912566131,0.19322595306945164,0.19530210959496053,0.22917373532540347,0.001206962532112614,0.0006392332953957653
0.18847476904211385,0.18664180791380844,0.19405849197174088,0.20918543608150444,0.009401010706079422,4.235164736271502e-22,0.009481934506648974,0.009646783046059502,0.19310976673204425
0.0,0.22116937884739682,0.0004862902503773178,0.19336978499525284,0.00012382035861198447,0.0004930831839747434,0.18315494194452572,0.16309313062143344,0.23810956979842712
0.1947098058216917,0.0011601193840557337,0.001182498281315858,0.19195774383759073,0.19102022730374246,0.19253728215006696,0.22548379091782392,0.0,0.001948532303712712
0.15269549989759504,0.0,0.11087850674222909,0.13666323832188268,0.1801414316792007,0.15816528834591737,0.018519482970568085,0.12100444581722954,0.12193210622537758
0.04283170807493257,0.15572478560178615,0.1981617565874159,0.17000563256353116,0.0,0.11988573585819855,0.10725122079816651,0.06541424585951189,0.1407249146564576
0.2061702694013038,0.0,0.20718046116135555,0.04533616566011054,0.04208774025252667,0.20300151700318286,0.043676731589053754,0.044306163031919366,0.20824095190054748
0.18732827585358217,0.18379413843129613,0.19371784562646488,0.22408132292138527,0.006118575396260887,0.0,0.006208858686744186,0.006202816852167784,0.1925481662320987
0.19690271910361995,0.0002428307508318718,0.20288759553962935,0.00020205998313455736,0.0,0.19660299631214323,0.2000747916970435,0.20303867835655268,4.8328257044840534e-05
0.19188029695860306,0.0,0.000496053227534374,0.18949512438266033,0.19391817904238307,0.195645624138369,0.22601561815505328,0.0016158467579164852,0.000933257337480454
0.03233626466139947,0.0,0.06149188378561633,0.20864533199559923,0.2115338195472455,0.03710653831184771,0.21026462424712433,0.20925939158269383,0.029362145868473532
0.0021113624323676476,0.0029572519435983684,0.237023834099246,0.18867268158325595,0.18932032163052492,0.0,0.1858437583098602,0.19192751273070305,0.0021432772704439032
0.0,0.2212871443046442,0.0004862420605734739,0.1934101457889738,0.00012128766322933116,0.0005020268576018839,0.1831321806007375,0.16292332900050252,0.2381376437237373
0.002408027220850217,0.003213116643899483,0.22468114158632607,0.19417117191041852,0.19089851173361383,0.0,0.18894933822695995,0.19292965575624427,0.002749036921687935
0.17005406130631667,0.1667827354842566,0.0010432083029107532,0.1130137221676443,0.13380963055509815,0.13837946117925481,0.0,0.14075219322395985,0.1361649877805591
0.18812827940199187,0.18506685642556495,0.19349725232166648,0.21922311459186047,0.007278466677991541,0.0,0.007347433274803712,0.0072496015546844655,0.19220899575143652
0.18753113819410216,0.18408520243152596,0.19361376359878896,0.22278320059154758,0.006478313753028379,0.0,0.006581714604693049,0.006540851322762704,0.19238581550355116
0.19694635003651434,0.00023544670017318532,0.20288191807828926,0.0001957172491046013,0.0,0.19666738336406725,0.2000342376767858,0.20299305292573144,4.589396933403836e-05
0.1956952657743845,0.0,0.10421302174450117,0.1270552868847544,0.1276508490847312,0.1029230293299436,0.12002985186437855,0.005669822473057795,0.2167628728442488
0.08125481734283382,0.22070689633321075,0.11150196329634794,0.0921218453494003,0.1664296931930092,0.0,0.06280474855540664,0.17066023868896868,0.09451979724082278
0.04512283998279181,0.04928520624562904,0.03683447204727657,0.0,0.20663408459266305,0.21097066269035375,0.2064835214648177,0.20632863182111166,0.03834058115535646
0.0,0.22122467929147632,0.0004859769034949651,0.19338936205601906,0.00012242123003341454,0.0004965606369313846,0.18314420879086052,0.16301343937542812,0.23812335171575624
0.002073582200421651,0.002999886969487295,0.2364071939257689,0.18910509530993966,0.18930866273533928,0.0,0.1860106663534093,0.19189027713568982,0.002204635369944185
0.00022327889868670552,0.19589602101716902,0.00044058625453456684,0.18870755269130496,0.0,0.1415876784751477,0.23240907786388124,0.016422379402121202,0.22431342539715454
0.19232787306854132,0.0,3.682306795417229e-05,0.18906908946157908,0.19263277133378065,0.19476854127539164,0.22966831869386783,0.0007685466395700195,0.0007280364593153988
0.1864188969826547,0.18251447429224654,0.19450428604459666,0.2290910592768999,0.004676204190668638,0.0,0.0046947019444633685,0.004697106449412416,0.1934032708190577
0.1927061412727303,0.0,0.00040549045901873025,0.18873746231635444,0.19229909332023373,0.19471699627516473,0.22926282590755498,0.000864213948891912,0.0010077765000514134
0.0,0.22165006350658614,0.00047433153718303203,0.19358609578093308,9.659544007670918e-05,0.0005474683560254468,0.1830860002679102,0.16240622699952234,0.23815321811176302
0.0,0.09349049327511579,0.163084521368764,0.11964653854560646,0.1800067102366771,0.11248525636670913,0.09656928105965917,0.13463372114289834,0.1000834780045701
0.18749702189258982,0.18403152379993884,0.1936096860408693,0.22310889968067157,0.006390230030350713,0.0,0.00648545862144106,0.00646369214712653,0.19241348778701214
0.18503448932999653,0.1864379000144502,0.1861649832635656,0.17542829132144994,0.027010729005442543,0.0,0.02713895108881494,0.027077883480604057,0.18570677249567624
0.1969043192636355,0.000242645088548165,0.20288751931903107,0.00020176915077368615,0.0,0.19660509111029023,0.20007317462037258,0.2030373539616409,4.8127485707979284e-05
0.212747988769306,0.033283314179321455,0.2124661195976301,0.04010028486003556,0.21306654632125302,0.08444377539138599,0.0,0.19698014377881148,0.006911827102256437
0.18638958873647335,0.18942693281975934,0.18609840103845035,0.16825714783547366,0.027872498920366803,0.0,0.028042260235075195,0.02787283923198939,0.1860403311824121
0.19168361479319498,0.0,8.667725590595738e-05,0.18913800842218237,0.19342346169414637,0.1953153638640214,0.22854586746377148,0.0012381542689028039,0.0005688522378748622
0.05424115042425242,0.20715995477571905,0.04985864734172715,0.20716018689275695,0.2075086824896469,0.0421134384749764,0.0,0.024789478852375795,0.20716846074854517
0.19690892878785426,0.00024183193276500724,0.20288679634780266,0.00020109372843824316,0.0,0.1966121577535616,0.2000689675513342,0.20303228943538498,4.7934462859250404e-05
0.1878525763789436,0.18461630873591528,0.19348908302135426,0.22098230971805785,0.006860912069541613,0.0,0.006972158345499022,0.006924023609990663,0.19230262812069762
0.18554540880571044,0.1815907513875377,0.19618323903509852,0.23733744868673978,0.0006490068203070635,0.0024258706700750706,0.0,0.0005667739085551912,0.19570150068597622
0.0,0.22107333531236173,0.0004850561183202875,0.1933362628387042,0.00012457913678700673,0.0004851274809757138,0.18317375535742167,0.16323361546062787,0.23808826829480154
0.18447344047348932,0.18020510379418317,0.19612713253369057,0.23978301622632042,0.0014874499870956852,0.0,0.0010173792298041984,0.00144937097706685,0.1954571067783499
0.12474641862754102,0.1473873538395109,0.06390961549461813,0.1717850633149727,0.0,0.14190140259269884,0.16676243043370123,0.07829617386339287,0.10521154183356432
0.19691066747238395,0.00024149181279577853,0.20288643674313186,0.00020095589778561414,0.0,0.19661483315747166,0.2000676146954501,0.20303030347660425,4.7696744376841266e-05
0.10887136953397654,0.0,0.18020148064188862,0.0649860218498557,0.15948318146068907,0.11324426396313911,0.12167704395728716,0.02916870482731055,0.22236793376585326
0.19690705230122976,0.00024205485444757542,0.20288704569697194,0.00020148028898539852,0.0,0.19660947258811248,0.20007079026464836,0.20303404846894985,4.80555366547588e-05
0.0,0.2212051408470335,0.00048578948388757,0.19338187120956443,0.00012265024678495426,0.0004950756193094848,0.18314767548728084,0.16304180169208737,0.23811999541405188
0.19253163785793095,0.0,0.0007453301040402969,0.189452854973944,0.19378916749601138,0.19551607835609797,0.2250609116508543,0.0017337599973652998,0.0011702595637559771
0.18751195542985813,0.18405610639974848,0.19359642231227162,0.22295964142187527,0.006432875504571758,0.0,0.0065339088748079446,0.006502009110214697,0.1924070809466523
0.0002226422496917013,0.19589974968778362,0.00044374198173540086,0.18871166245331544,0.0,0.14158370410057047,0.2324131429331825,0.016425209198898904,0.22430014739482237
0.18528915343759447,0.18655753056930877,0.18641662985463792,0.1760014200651158,0.026513686835405715,0.0,0.026655182303257228,0.026612259354013183,0.18595413758066726
0.18511367275708696,0.18090153023783495,0.19569282164914506,0.23590018937469764,0.002588677087536816,0.0,0.0024402574778072004,0.0025716725406774157,0.19479117887521394
0.0,0.15197386509145921,0.1540337232610522,0.13071959504408318,0.1688564088931954,0.09474273582873341,0.10913028209901564,0.047739972156619265,0.14280341762584173
0.06159276392103988,0.20430182815572429,0.1622415275478803,0.002116572152657185,0.19392391732368755,0.13342559441640595,2.6469779601696886e-23,0.12748211449106167,0.11491568199154303
0.19690625571537418,0.00024228081302740852,0.202887319187447,0.00020150090077077076,0.0,0.1966079133710312,0.20007140335842544,0.20303536279159887,4.796386232523188e-05
0.2106683664104364,0.0,0.20465543503980202,0.04657066126799217,0.0406240310578332,0.0491138423960245,0.04283559649434628,0.2034434006468398,0.2020886666867254
0.0,0.22123432365810675,0.00048607054626772866,0.19339217959371716,0.00012231961292549271,0.0004975229754752503,0.18314214997016107,0.16299943296463434,0.23812600067871226
0.18519395539799474,0.18669826945105372,0.18640491684274468,0.17592837772799563,0.026529789682280112,0.0,0.02670550038611411,0.02664640252237633,0.18589278798944064
0.0099739727539342,0.19274108014210986,0.010612124139259934,0.18692700558659034,0.20986896775525746,0.01237704835540095,0.1890814788163867,0.18841832245106085,0.0
0.0024225198541497953,0.0031979641618499017,0.22422313218555526,0.19435260357865156,0.19097664452968127,0.0,0.18907194430179386,0.1929888540478005,0.0027663373405179313
0.1541183528355213,0.018573402719634743,0.1376797226062583,0.06519598566055156,0.13493142765495184,0.0,0.08687214735184598,0.21203895457736777,0.19059000659386852
0.0023295645185134432,0.0031892472042552604,0.23378991994578027,0.19013550147929822,0.18956545323652887,0.0,0.18653103327722864,0.19204220729382843,0.0024170730445669595
0.0,0.22119735580155908,0.00048594319545947995,0.19337961823251593,0.00012298238182548288,0.0004944798061867168,0.1831492326907285,0.16305274427078503,0.23811764362093993
0.1969165763005371,0.0002405574775447665,0.20288604969999716,0.00020015593949366563,0.0,0.1966231412474986,0.20006180072850996,0.20302452428806503,4.719431835394257e-05
0.0022093859437171664,0.0031046919475563226,0.23479123064091428,0.18971718409216592,0.18948037957612074,0.0,0.18635337234589336,0.1920001655504287,0.0023435899032034843
0.03180583532994226,2.0679515313825692e-25,0.05671306354129208,0.20999966323410085,0.21307174980474705,0.03738532460593444,0.21176698917782594,0.21076972558820997,0.028487648717947303
0.1916653717529771,1.6940658945086007e-21,0.00017714897689861852,0.18928679961372138,0.19366052907423947,0.19552185739878286,0.22775605385875397,0.0013514091932918986,0.0005808301313348236
0.09587321320261762,0.10751207720247322,0.12152688665193064,0.17336650828266567,0.08839309172994177,0.13556688401514402,0.13613889682739766,0.14162244208782934,0.0
0.1853363670795585,0.18720442911440074,0.18611520017567343,0.17390193675362692,0.027161130787241156,0.0,0.02732343086512167,0.027210469408749913,0.18574703581562763
0.18732937459152232,0.1837802582226014,0.19371649742098768,0.2241272926804734,0.006108084769019934,0.0,0.006196238461317121,0.006194115558230054,0.19254813829584808
0.18743518690475486,0.1839360497464467,0.1936513939554989,0.2234255637377646,0.006304968181172297,0.0,0.006399466025138243,0.006377357944960398,0.19247001350426418
0.07935356936976463,0.0,0.04440998884230934,0.011182097318027828,0.22564870661931874,0.20491337326427989,0.09009079881365589,0.12855423902055185,0.21584722675209178
0.1969143116180771,0.0002409281994291794,0.20288632754521452,0.00020045823673838295,0.0,0.1966198064539282,0.2000639190020454,0.20302687782509632,4.737111947081436e-05
0.18941562551988642,0.1684546389246715,0.07893749594743997,0.06586473076508821,0.10808033924491106,0.0,0.2099499681319571,0.030565623011271564,0.1487315784547743
0.18743821973195748,0.1839358576066349,0.19365244670101692,0.22340252605717847,0.006311325543208753,0.0,0.0064067618586123665,0.006383286264903266,0.19246957623648786
0.1874561504181331,0.18397276501739465,0.19362432812000185,0.22337048803740547,0.006314684822491749,0.0,0.006407805591696452,0.006399223407754154,0.19245455458512242
0.1916477359654044,1.6940658945086007e-21,5.699348455002372e-05,0.1894060617891506,0.193712023957408,0.19552338469759367,0.2278558618385863,0.0012603224446076085,0.0005376158226995196
0.0,0.22125973339321608,0.00048606195401653535,0.19340126064980162,0.00012177902788194198,0.0004993761335540718,0.1831373454372627,0.162962777329942,0.23813166607432498
0.19691498731581214,0.00024081466871905995,0.2028859494694632,0.00020020188949216623,0.0,0.19662127906834442,0.20006327357483703,0.20302581638249304,4.7677630838847615e-05
0.20491451785628617,0.2038305716153342,0.0,0.043218324185506224,0.04523536663338235,0.20764119397262326,0.04748013538742283,0.04314169032453702,0.204538200024908
0.10947922863304634,0.1554655878644687,0.12120077704600084,0.07572645985767648,0.08467207924719851,0.09660259697816294,0.20169530235799193,0.0,0.15515796801545423
0.18581729286529555,0.18823767142054032,0.18598198456812318,0.17107486083992662,0.027654164144021068,0.0,0.027813172435597444,0.027653278674261313,0.18576757505223443
0.20769626938049315,0.014314973315843464,0.20728953221349594,0.039277479438831406,0.2077084820233052,0.20749140213165956,0.04895536639864267,0.06726649509772875,0.0
0.1969183556309398,0.00024021743227516275,0.20288580083005434,0.00019983395551927477,0.0,0.19662579264878002,0.2000602093310003,0.20302267595679496,4.711421463624542e-05
0.19689856231441877,0.000243569224801057,0.2028881519047394,0.00020262644700180105,0.0,0.19659671343337637,0.20007863881520876,0.20304320108026952,4.8536780184476117e-05
0.19186870928111355,0.0,0.0002345494109623859,0.18923792697638828,0.19328947627924203,0.1952205801674572,0.22815036233194388,0.001245318143942632,0.0007530774089500285
0.1909371373932042,0.0,0.0005683757113839441,0.1907398486976949,0.19603960798520498,0.1975585582737595,0.22090982857219246,0.0019101374012887428,0.0013365059652713106
0.18738107236643778,0.18386159607136254,0.1936929541628286,0.22374185779986333,0.0062158002339853455,0.0,0.006306988427260075,0.006291875227960761,0.19250785571030166
0.1919204500717375,0.0,0.00022136418016753697,0.18939046977513024,0.19335344993721004,0.19528001349845514,0.22785346777107268,0.001189844335572864,0.0007909404306538812
0.0,0.009469835748065196,0.14888567747374076,0.15027165118313346,0.09527879012275327,0.19468242049568765,0.13170024203638847,0.15543580149593342,0.11427558144429784
0.04516587423641206,0.049329818982362016,0.03693963760815931,0.0,0.2065431467811824,0.21095550486020764,0.20639011968501947,0.20623848587131816,0.03843741197533916
0.0,0.2232981722614578,0.00040143128828657967,0.19400111092034383,4.9351141078419924e-05,0.0005698771749612912,0.1825191153888373,0.160008575765224,0.23915236605981077
0.18738226044690617,0.18387564705079695,0.19367986286110117,0.22370836456689058,0.006223750921627481,0.0,0.0063180749030305496,0.006301875055363403,0.1925101641942836
0.21373866583206708,0.035761355574262965,0.03567985473883124,0.2125458298646654,0.21388572386903906,0.21435456595602143,0.0,0.037621051635415625,0.036412952529697305
0.10745395770810144,0.09661011371073855,0.19228416288194197,0.038162833704630625,0.19585213596334042,0.1479720771608269,0.17358070783806268,0.0,0.0480840110323577
0.19609190490719752,0.0,0.12978326446963606,0.16215010494103715,0.1032541059939349,0.013740670530838805,0.13356091225239497,0.12151173172338121,0.1399073051815794
0.18535649072633695,0.18695151129499088,0.18619968320308433,0.17451170554029788,0.02698777090322445,0.0,0.027139971721627215,0.02703883896729349,0.18581402764314467
0.18821215564503213,0.18522296607216684,0.1935037588215904,0.21879909518752189,0.007339304670393054,0.0,0.007402990912618415,0.007321122743726224,0.19219860594695096
0.008050399189660249,0.243996425807642,0.00043831486068082737,0.24405708137773455,0.24435261149365564,0.009804103051226686,0.005034144962777969,0.0,0.24426691925662222
