1.0,0.0,0.0,0.0,0.0,0.0,0.0,0.0,0.0,0.0,0.0,0.0,0.0,0.0,0.0,0.0
0.0,1.0,0.0,0.0,0.0,0.0,0.0,0.0,0.0,0.0,0.0,0.0,0.0,0.0,0.0,0.0
0.0,0.0,1.0,0.0,0.0,0.0,0.0,0.0,0.0,0.0,0.0,0.0,0.0,0.0,0.0,0.0
0.0,0.0,0.0,1.0,0.0,0.0,0.0,0.0,0.0,0.0,0.0,0.0,0.0,0.0,0.0,0.0
0.0,0.0,0.0,0.0,1.0,0.0,0.0,0.0,0.0,0.0,0.0,0.0,0.0,0.0,0.0,0.0
0.0,0.0,0.0,0.0,0.0,1.0,0.0,0.0,0.0,0.0,0.0,0.0,0.0,0.0,0.0,0.0
0.0,0.0,0.0,0.0,0.0,0.0,1.0,0.0,0.0,0.0,0.0,0.0,0.0,0.0,0.0,0.0
0.0,0.0,0.0,0.0,0.0,0.0,0.0,1.0,0.0,0.0,0.0,0.0,0.0,0.0,0.0,0.0
0.0,0.0,0.0,0.0,0.0,0.0,0.0,0.0,1.0,0.0,0.0,0.0,0.0,0.0,0.0,0.0
0.0,0.0,0.0,0.0,0.0,0.0,0.0,0.0,0.0,1.0,0.0,0.0,0.0,0.0,0.0,0.0
0.0,0.0,0.0,0.0,0.0,0.0,0.0,0.0,0.0,0.0,1.0,0.0,0.0,0.0,0.0,0.0
0.0,0.0,0.0,0.0,0.0,0.0,0.0,0.0,0.0,0.0,0.0,1.0,0.0,0.0,0.0,0.0
0.0,0.0,0.0,0.0,0.0,0.0,0.0,0.0,0.0,0.0,0.0,0.0,1.0,0.0,0.0,0.0
0.0,0.0,0.0,0.0,0.0,0.0,0.0,0.0,0.0,0.0,0.0,0.0,0.0,1.0,0.0,0.0
0.0,0.0,0.0,0.0,0.0,0.0,0.0,0.0,0.0,0.0,0.0,0.0,0.0,0.0,1.0,0.0
0.0,0.0,0.0,0.0,0.0,0.0,0.0,0.0,0.0,0.0,0.0,0.0,0.0,0.0,0.0,1.0
0.08306094798091096,0.07873866615233094,0.03089302417883643,0.03906654908241548,0.08426270986063274,0.06927797740425556,0.05867818134162041,0.03705474173150129,0.08007980011279268,0.07508938635403001,0.05327337402893494,0.08322289460378016,0.07671614224750699,0.08487724707931082,0.06570835784114058,0.0
0.05858162483379018,0.0934184244713267,0.05496383612417809,0.0779276575760665,0.0,0.07221559945712634,0.06507695726221567,0.03284643256070683,0.05378258570829198,0.058587264059117045,0.0680389656186028,0.06549608100760443,0.05714999090250643,0.06225377291386532,0.08599896543390811,0.09366184207069367
0.03461841924277006,0.08450694573196867,0.0,0.07010949467219368,0.03955580405519686,0.08411170844769733,0.07333891026316357,0.03441412762919597,0.06581918225544921,0.05736033450221264,0.08417791706419873,0.07076173382297479,0.05938531789110201,0.08300388652877111,0.0836173148371918,0.07521890305591364
0.08513200110264223,0.0633545264308917,0.08489725548919144,0.08478797027827104,0.05799453266285183,0.08422365361344629,0.03885922281750936,0.0005890706496795781,0.0,0.08494004144056495,0.06891807954756961,0.08512705864806905,0.082377681667259,0.08078355589263671,0.01956150856005047,0.07845384119936691
0.08774660071032589,0.08774580043127676,0.0025846787938632754,0.015897828438609526,0.06307142332728988,0.0877450681235603,0.08767489784571338,0.08765829356763366,0.0441191914282121,0.0869618196289421,0.08774501697710317,0.04896863401497103,0.0,0.08002528381843033,0.08774715713237347,0.04430830576169514
0.056726748348825205,0.08396998252907799,0.08398835872504119,0.08243073986210167,0.08279136935160304,0.08329143763888869,0.0,0.08041382610456567,0.020278502782952505,0.08360870966930158,0.02081896435108754,0.04615955473358528,0.082690333853325,0.045476583272282434,0.08404199007616016,0.06331289870120199
0.08564031448538739,0.06366785449606314,0.05605311107498509,0.06500448788128887,0.0640852282917737,0.09497301100634488,0.06118150744707002,0.032123881275307395,0.07934188971104718,0.05547944099977106,0.0676880146996045,0.0538936564068034,0.08478316920161631,0.06681360289102063,0.0,0.06927083013191636
0.08850029302702088,0.08837322437727164,0.0748663587523486,0.08850583039776821,0.08850482035269129,0.08850423775753063,4.294812052862973e-05,0.0791480617295825,0.006923650025648445,0.02943157360520375,0.08847821912477143,0.08850686107259785,0.0882840995606713,0.045509299384219964,0.014842691403341837,0.04157783130880286
0.05630102145462411,0.08894497779997272,0.08135673640007564,0.03187244519161136,0.0736479790692583,0.05535457322154176,0.0,0.05339056546727801,0.0866206181846779,0.07613676143040844,0.05546616484868906,0.08564631252638213,0.05040520837888976,0.08144721274578332,0.05420466081231919,0.0692047624684884
0.0,0.054377390610998756,0.03802838996036055,0.05749335030487268,0.07941833715613267,0.08180819239367985,0.0671086744266502,0.005525517593285116,0.07744962937077389,0.08299676659569008,0.07507552348176684,0.08300408734998829,0.07784113043156374,0.08299922363222037,0.0818336064011475,0.0550401802908695
0.008255889709340757,0.009988804781613576,0.07692578469189645,0.08612967047449985,0.08720816622024923,0.07687354617335654,0.0871075611547603,0.07579534933660738,0.08252518559516549,0.08720856564066234,0.08714874545694487,0.05250737394610088,0.010092306190846102,0.08720843140770944,0.08502461922024691,0.0
0.08977608559162152,0.08977649908710063,0.054784765624210835,0.07776005080242779,0.08977632856654423,0.0897757524106823,0.08977608490484396,0.006668737621725354,0.040285605636914204,0.04383905519985042,0.04195163752703314,0.0,0.08977657309324746,0.08977609163402381,0.016503655858398737,0.08977307644137544
0.08568004765159926,0.08567563430302856,0.08567589238537375,0.04674328964219356,0.044447904090582364,0.06948262659445582,0.016687943303452787,0.045480180363734427,0.06866625784831812,0.0,0.036014132195535,0.08567591890186067,0.07275023945511773,0.08567250449310221,0.0856759753340982,0.08567145343754771
0.0699144279990365,0.0,0.008902005007730269,0.06782360119661965,0.004766920293366843,0.09237394553958805,0.09237390744038694,0.09089282659876127,0.0922889384368901,0.09228940808399476,0.00728054213120659,0.09237440448596332,0.09237272862376673,0.09236779961926704,0.01160981010148212,0.09236873444193966
0.018704342818295062,0.08768941011469221,0.010090497783994574,0.08345841798918188,0.08762566255692651,0.08769365101088034,0.08769145750863629,0.022569683050101347,0.08663936587386573,0.08678723542699805,0.019871446633384315,0.08132577210610897,0.0876732537322013,0.08616776570996927,0.0,0.06601203768476407
0.06835318268325631,0.04280369073058218,0.08134081891361723,0.07765442487673443,2.154954808798737e-05,0.08389450879582225,0.017179773282558056,0.08014038632176389,0.056282394368486414,0.060479846899260975,0.022824711432246125,0.07335730609501961,0.08395624290444151,0.08380748567537301,0.08395109111605258,0.0839525863566975
0.05409798466432365,0.0,0.05753890638247415,0.08027233536786414,0.07441646796098828,0.05847874642975017,0.04310131433929545,0.08230176491489707,0.08247967274147015,0.04529346846577933,0.08256160108032855,0.042870544887040514,0.0825329020075001,0.06490946701445593,0.0666471742656332,0.08249764947819918
0.020833029880891626,0.08550514000627822,0.08636364630393661,0.0859041456110192,0.08623607820891195,0.08459427056483024,0.06119348797476604,0.07625877240406273,0.0,0.05637800961089697,0.03887802623246779,0.08636304231787299,0.006507762800777058,0.0830208279928421,0.08638844069668979,0.055575319393756525
0.0069135177866903675,0.04143108522329979,0.08445770481418313,0.08333446033223582,0.05677445649374896,0.0729344913874548,0.08445761992681514,0.08446554033360788,0.07516654150218481,0.07274722893921907,0.06459864348103046,0.07680918750852397,0.0844215359948533,0.0,0.027030280308400007,0.08445770596775262
0.059642049691251746,0.08818363397702726,0.08127299833587537,0.0,0.04113039684208991,0.088183823618785,0.08271098453085404,0.0004673350336644231,0.06833506869305897,0.08818372291306067,0.04083853196333314,0.08818409794872525,0.08818386262225578,0.008512380353338431,0.08798973896607608,0.08818137451060404
0.08912314826570464,4.318150055537123e-05,0.0891232038366131,0.08912309598357131,0.08912306413607128,0.015299282979122149,0.0030022524270376452,0.018612570012039073,0.061717949489315894,0.03858521468349643,0.08144960030110913,0.07400961043801638,0.08912281999058187,0.08341082893867165,0.0891236200165655,0.08913055700152853
0.038145939153060374,0.04384191527750452,0.051273868276833716,0.0,0.07744416926557544,0.07271519056265276,0.08261496164252159,0.05085186712721069,0.08329520958566738,0.06940733676700525,0.05351160814109338,0.08317288226510099,0.0829597527738321,0.06848806507143049,0.05896591200301384,0.08331132208749756
0.05413520606099507,0.08225544569788398,0.08266690635018052,0.0826731528725247,0.08219566728065257,0.08260556312813479,0.05654853621478202,0.03219760264443226,0.0504876054696192,0.08276573452135384,0.06073548078530389,0.054201178197746946,0.07626312332521826,0.0,0.043156744004557525,0.0771120534466145
0.07919134873200268,0.009170707570185108,0.027021073815028315,0.04266055596905593,0.0308218849407306,0.08756664950992069,0.08751817717672947,0.08757204925220244,0.08755933864945153,3.590380579163166e-07,0.08684352030759682,0.07739787645417567,0.0875201789328027,0.04021924845262398,0.08139923787769976,0.08753779332173642
0.08704061887360504,0.08704187266893276,0.08704174235309033,0.08656759372343256,0.05132116747905312,0.08704360952506887,0.08246363549023995,0.08704174426439508,0.0040651795648404725,0.08704223802158326,0.0822233959410164,0.058310427947785355,0.02060294194535933,0.052063761912982516,0.0,0.04013007028861505
0.041694587571096495,0.08516705815506985,0.08533306591249984,0.0,0.08532386258559074,0.0769668842772657,0.022530953793837544,0.07891807903392886,0.08534962746801968,0.08520471044043956,0.07891954256821737,0.06259082637591999,0.06550263619735738,0.024520655186752924,0.03665202823064402,0.08532548220336002
0.05264093105752834,0.09098561828162303,0.05912080524504523,0.08729504025394522,0.06057101816401535,0.09194717536107107,0.07444149879742855,0.057245593134397865,0.06385794849907979,0.05697545874159221,0.0332448425657669,0.0675116115383451,0.07895002517777083,0.0539384900011272,0.07127394318126323,0.0
0.05107146641749529,0.06607804132918695,0.0,0.08784517898737602,0.10265389523755052,0.0631339856972904,0.07475097884765829,0.07964025668371212,0.07270484326287024,0.05285929255272514,0.054158670805746906,0.07883822799928923,0.06304652561122684,0.03756701369204414,0.060520002793568985,0.05513162008225893
0.06269553098034181,0.051936232181401955,0.08197068220821552,0.08491581894648555,0.059627588615306266,0.08667745538690164,0.05984306728533357,0.06198161251914829,0.0,0.057990224845262624,0.051336719387244316,0.08682006587640745,0.02959770482287351,0.08366034726590171,0.0738475144186427,0.06709943526053305
0.08703843259945752,0.08703618006311743,0.08703510749781164,0.08703746869740127,0.08703608963592778,0.031473674981414,0.08703344296613137,0.05394219360639754,0.0,0.06250518291106635,0.055002076553082695,0.02865544170695275,0.03660633929659414,0.08702574776738096,0.035541125605730556,0.08703149611153407
0.05296934484931409,0.07877203098964973,0.05008691032092378,0.0,0.06680438114897219,0.044777143845649965,0.041879147482769025,0.06328295052532522,0.0928658962703568,0.050985090680072065,0.07173591781528682,0.09128338533690152,0.09060917494315068,0.05239885118331737,0.09953064477517559,0.0520191298331352
0.03504776335005309,0.05599031146694629,0.08559448959875227,0.09104816233324804,0.091062832516032,0.09040450708411546,0.0,0.08308680646213853,0.05223176056025666,0.05101445227147195,0.05832236018460903,0.0783300810737127,0.06844919264642033,0.05030717298100199,0.05043561789041078,0.05867448958083082
0.1009990543112756,0.09834649705863138,0.05029353494196077,0.04814740521340899,0.07845555311908507,0.07900286257547091,0.050566330874758945,0.06448546175401225,0.046236291340315906,0.0,0.06964396021472297,0.0797402401254631,0.08739801334045394,0.04716366804089218,0.04845471098755408,0.05106641610199395
0.0840145608572983,0.03345413140767919,0.084008869862471,0.0,0.08318384904913152,0.08400875000141671,0.08220343317545908,0.008434145049977176,0.06111879082413831,0.07653081535651923,0.04949467631287995,0.084008720382665,0.06545178711715398,0.05694630766816311,0.083716574403725,0.06342458853132242
0.02605939014654468,0.04336960262297679,0.08467703433415881,0.08474393543871064,0.08474433425464505,0.06588012610068102,0.059505598509169796,0.08474425000360615,0.08474532771404052,0.048114556194660645,0.0,0.07373232545511885,0.05645703927417878,0.033752953366813734,0.0847297036807672,0.08474382290392747
0.050450073713533126,0.08276551077222227,0.0,0.08276037097461147,0.08276361664473253,0.061725543183250506,0.07855857732349553,0.08214956282038638,0.08276278044050563,0.06562470506045857,0.04468437248055479,0.04516199705615119,0.07251777948978604,0.032731399388174286,0.08274243993840841,0.05260127071372917
0.07418509979351338,0.010489690196474824,0.08632655104501369,0.04879054789730892,0.08629582807238204,0.07659494324780501,0.08087096707218526,0.027766423099123277,0.0863292567653785,0.07759810619901356,0.0863268850313137,0.0,0.011283364170679159,0.08631061267113105,0.07450391912129983,0.08632780561737774
0.08552698715009295,0.0,0.01667823765294221,0.0855302919524528,0.08517081742266654,0.0855168735395111,0.0644270203880924,0.04580958243707349,0.08551473153224204,0.08552950704096823,0.08552843144602451,0.035355164778751134,0.06908042975913453,0.0322561906346187,0.05474306650199615,0.08333266776343314
0.0646820118363536,0.07010484943759604,0.05330325239267303,0.0,0.07179116093721047,0.08736369207619325,0.031758836550990724,0.07061296981419533,0.054425210847546,0.05546190317665303,0.09162368738513012,0.05912240798351718,0.09031270018847982,0.07211089671056162,0.066610897643944,0.060715523018955816
0.08471712313605796,0.08421771401625135,0.08478328160388147,0.08271683694653925,0.06194606210467606,0.08478345822859343,0.0689232245308117,0.03562441899814772,0.0759618883235412,0.005019779967989475,0.08431695823797195,0.08239818663548401,0.07062197442356047,3.995686509439267e-08,0.032528298990541785,0.061440753899087104
0.07360459493081967,0.08395341482065843,0.08340113006111143,0.03673253363276659,0.07319363347872056,0.011187761601296092,0.06529280312291508,0.08393525301436414,0.0,0.08379755377392209,0.08384819409838591,0.08008664910477968,0.08395891226313858,0.05913478338760617,0.0680725853522324,0.029800197357283106
0.08832653192200712,0.03793921427757888,0.08834381998728476,0.08825624188372712,0.001290348197076694,0.08834344750215663,0.08304768699798704,0.0,0.08077657282434154,0.0716633342356583,0.08834357271866318,0.008607507953212124,0.06882008885072549,0.02960042711381948,0.08829748691660043,0.08834371861916127
0.08809425952044649,0.08809425313684412,0.08283791399993527,0.06727917388464477,0.015082077849592104,0.08809316772749554,0.04063588668055312,0.0610390413824723,0.03352556152808577,0.0,0.08811692529261975,0.08809457890949944,0.07608562212357599,0.08809457676671602,0.0068344752625563564,0.08809248593496304
0.05631060234284582,0.050792468522855086,0.06349599705491914,0.08077850365104582,0.06480715659075788,0.07189874623308495,0.0659575450781701,0.0991233640619422,0.08228357954677191,0.07651365639483779,0.04416447639887794,0.0,0.058985842318656646,0.055062798686264985,0.08739785181074146,0.04242741130822827
0.05582028814817282,0.06631264815464907,0.036319957861526656,0.06545624239561869,0.050281501648435735,0.09015420117388204,0.0,0.0647958228990954,0.07177846396365814,0.056317582848125075,0.055425989753843316,0.08314538231552857,0.08801892119147373,0.06907420579708796,0.09703536817393114,0.050063423674971616
0.08892632562928593,0.013926092244685558,0.08887369747652682,0.05072878444070904,0.08885067531322084,5.058215197664001e-05,0.06717216796085013,0.08804168851099432,0.08892891328172302,0.006345923214512085,0.007664355093988544,0.08892828498898517,0.07407502931053395,0.08892519236792926,0.06963348878599922,0.08892879922807952
0.08229112079447917,0.08854765520927393,0.0001556658543995365,0.08854074234248603,0.007809433762531882,0.0871057313691717,0.040334292263802876,0.05069788626338139,0.08854530014039375,0.08854642374557457,0.08854428673721315,0.08854618609819884,0.018471217179403115,0.08854489962429639,0.040917507064165526,0.05240165155122816
0.08865866509143705,0.08873127550538967,0.08873576036329237,0.07934384288967211,0.050687378573607916,0.005136416344273552,0.08871683006987258,0.08835227494989992,0.04690443316224227,0.08868340823163862,0.08872428045745887,0.08873339227181001,0.06387313839337455,0.0064708051967160216,3.3474867837945954e-05,0.038214623631476576
0.08875687200493154,0.08881676932888166,0.0,0.08881727519314851,0.08881688866239801,0.003907456602609847,0.08881613223316488,0.07115813771221446,0.03200719025326117,0.06971215683135501,0.08881546368136338,0.08881610824556414,0.08863524357370556,0.022820837712749054,0.06405236760728215,0.02605110035737041
0.06276445223838835,0.06764641404162702,0.03445031358380899,0.056209620773499995,0.07256761923949251,0.07276850904830759,0.07469511247537255,0.053137987855494645,0.04980372509514787,0.0960789927523836,0.05469399547990318,0.09416108789593153,0.0,0.08589506820053594,0.06305509458061521,0.06207200673949097
0.08061148875040115,0.027657674630275523,0.08328507375903964,0.08012719414817604,0.07882358001637353,0.05675304958168611,0.0659882511110701,0.06525271599258789,0.0131173594148577,0.07918934720374857,0.08402645334959424,0.0649541931545142,0.06949807214718999,0.0765687230955878,0.07414682364489758,0.0
2.3504362361988218e-05,0.061394477542975334,0.08464838209139607,0.0816437036138113,0.022177336423107458,0.06102284504210447,0.03725747045764574,0.08457529720585617,0.08466507428418615,0.07800151697326686,0.08460724623431894,0.05604000621631257,0.08458906574936412,0.07222519374039904,0.08458802217227371,0.022540857890620138
0.030849326091241077,0.08681448448862093,0.07902632410545118,0.08711663952969607,0.05368398299635079,0.08711693460092908,0.08711662233647186,0.06245081665508898,0.052085965352910844,0.0838857760050697,0.0,0.08712737631145077,0.02440322739339446,0.08711533354836143,0.08711693612811058,0.004090254456852185
0.08503741335787861,0.08513565232619033,0.08497213451591264,0.07081724496928231,0.0,0.05536357860312637,0.031544077640262506,0.08437736995981053,0.07243506271641255,0.05229441091706791,0.08516943056311482,0.06488352654396978,0.05657599746966597,0.023039893610244083,0.06634953632280172,0.08200467048425975
0.08663841664325711,0.08613013774032902,0.04775886530240219,0.0632562946587491,0.08662067532606521,0.030811256668344583,0.08663941976140058,0.0015276352897553303,3.1628918677903406e-05,0.06928416004402718,0.08662864800217959,0.08551761966783528,0.07203618619588878,0.026297081413012277,0.08418993314065545,0.08663204122742041
0.07329869546721782,0.09082285149617003,0.09083664095823551,0.01607303797038255,0.09084032653820709,0.09083924623105519,0.010532560597320849,0.052822625689386116,0.09083387238902976,0.09083802523285278,0.02485420623049213,0.09083951547006586,0.09083703777093002,0.00016369037586876078,0.06838633396375643,0.027181333619029018
0.06733715470559072,0.03646768308804487,0.0,0.033840596348428634,0.07870896580008264,0.0828813910038346,0.08119921331454916,0.06665907170177741,0.07016775354903264,0.07454882028672792,0.08293324761649758,0.03691532465157547,0.08287958618158797,0.0828877991030435,0.03964100866480346,0.08293238398442343
0.02954890974515751,0.015030324150933555,0.08749928445064506,0.08589500714814083,7.161953460693704e-05,0.08750072511811985,0.08749117557967151,0.02748496484581433,0.06553176681458253,0.08748831072338742,0.07321156238244445,0.08749168850727848,0.04922476922099653,0.04161527496673947,0.08742776549804723,0.08748685131343442
0.023251263152553898,0.04820558956028438,0.0,0.010247829288678005,0.07653010247930603,0.08550716961904205,0.0855053683327074,0.08550646143948548,0.0855124842738864,0.08550607564608197,0.06243533133602368,0.03941814139970984,0.06663105210060387,0.08551122421155444,0.08109928436976385,0.07913262279031888
0.030966194228930936,0.08828492912703223,0.0882861055690758,0.04726997187746138,0.08448655748571597,0.058246634458972456,0.08828801108871968,0.08828642365600861,0.08520017897108251,0.05040818605564493,0.08828841703990002,0.0,0.02534390312019677,0.08828631572752665,0.08828478745956743,7.338413416471303e-05
0.08410439757947825,0.06327786273316674,0.053485656800310366,0.08361165754910535,0.06476567927986723,0.032874844758921565,0.08285500825526729,0.07591002714152184,0.0,0.012070235927141494,0.06176630626256768,0.07578045382509618,0.08411105328882079,0.08414588439162209,0.05710387356997732,0.0841370586371359
0.08956345712609266,0.053297652139376955,0.08954234928666513,0.03487653794341043,0.0008629357941588605,0.0,0.007349523601543103,0.08955617698493723,0.08955794393141538,0.07261296724511274,0.08956341578563305,0.08935195157669348,0.08956150448125545,0.08565297654734369,0.029220207978666802,0.08943039957769501
0.0,0.03226608431268137,0.08842506635732768,0.08842590646794835,0.08842637482006346,0.08842795783492256,0.05353163279181268,0.0029155172686114125,0.024823871268563166,0.0884119151840839,0.061109860640173055,0.0338211928294502,0.08444501600885759,0.08842474161939877,0.08820245777291363,0.08834240482319207
0.061815932736991104,0.0882907371303937,0.08091882729449396,0.08830040542557517,0.01992782098777697,0.003933525717109754,0.0882925030433988,0.052876984197659856,0.08830094501540335,0.08830021736033371,0.08811997232033116,0.02601089246153839,0.08813978342373772,0.08830079837269803,0.04843407276404012,3.658174851807472e-05
0.02567606613609429,0.0420776504678482,0.08336704514204016,0.07738001894628035,0.08781688755886151,0.030597670887255683,0.0878177844190201,0.08781467575063663,0.08781630764640018,0.0,0.03889967791610675,0.08781669696853082,0.005805496538331501,0.08773521293563993,0.08781609436179151,0.08156271432516259
2.1818107964421962e-05,0.08168796477781237,0.07551847111007687,0.08349586735131925,0.0781101115361996,0.06649041995592347,0.08474915829327095,0.01337589880277916,0.0506317698112515,0.054702362505028135,0.08195206396982974,0.0009145709553612311,0.07438113073230815,0.08435847882255232,0.08480483948225434,0.08480507378606839
0.006571218320813659,0.0574602381683317,0.029433771108170408,0.08395241367692866,0.05319586688196658,0.08601372662419121,0.08482216721928751,0.08601336983883488,0.0,0.0860136484177063,0.08601549168432296,0.06448964917528198,0.04023969487296671,0.06375023204535216,0.08601416558331508,0.08601434638252999
0.08105312289907704,0.06057836403603747,0.08023149077142973,0.05934830452102925,0.0315005761766361,0.08282961128722384,0.0545332519453098,0.0639889646892396,0.0786441818328717,0.07821566144128768,0.08276329319934128,0.08261100860824039,0.0,0.06867217378904042,0.08279520401004158,0.012234790793194238
0.0,0.08692292745376566,0.08796865698022797,0.08764306166607132,0.02390092498739369,0.0041364492306283935,0.0879710551014129,0.07691296075917778,0.0879686684677173,0.08797009302789384,0.08796650727581487,0.07422898674523087,0.020377174430024084,0.0336692485362533,0.06439660714691905,0.08796667819146892
0.08563060232154532,0.05224237863793137,0.08543421307116865,0.08563052133528205,0.0562852261276468,0.08556363978017603,0.05453661552897521,0.0,0.08014351431054957,0.0854163900204497,0.03363868879729038,0.0386957226734613,0.08469555888918234,0.08562605143808007,0.0023378208563063405,0.08412305621195494
0.08959708022253782,0.01879770580856624,0.089612741371839,0.0896121476135794,0.08961263888798918,0.053090914660882824,0.06967343592680415,0.007876639285655324,0.08961277247994845,0.0048056613703260365,0.08893722595926436,0.0896127653512468,0.05237983627995907,0.00012977092953212616,0.07703647952954162,0.08961218432232759
0.08424871818835149,0.009518114761128148,0.06327467677472584,0.0,0.07997256665644194,0.08433558944811635,0.023401428144388097,0.08465964416351175,0.08386354816751321,0.04921285741559175,0.08465895518206258,0.05223385963493547,0.08403170317944739,0.049764294635240076,0.0844159204871339,0.08240812316141208
0.03249427663462025,0.051002492020757045,0.08261712734028948,0.05553288402937378,0.05227062605542211,0.05348538259065245,0.08158957786123672,0.08200082927751542,0.07479654770160749,1.2703002850306122e-07,0.08094419228303834,0.07610269524793367,0.07638264076417917,0.08261033069678417,0.08262606086488328,0.03554420960167812
0.02596525859477948,0.06947343557210241,0.0841153320331474,0.05405952565231997,0.08412331667913706,0.03756134498731553,0.08411857207314508,0.0,0.06856965918842269,0.08411897117593321,0.08411868992386254,0.04087823147258525,0.07913256431392214,0.07537778497337182,0.044267790186178116,0.08411952317377742
0.08812596046486289,0.08812951339671098,0.05997887376957564,0.04601143963322628,0.06027115756575406,0.08812873668366529,6.835906277320031e-05,0.08812891481308352,0.0870617650188792,0.08812645964282696,0.01870975134321877,0.003833815995429056,0.06390590868707159,0.04327811756631311,0.08811871777105301,0.08812250858555633
0.08428871368706493,0.0813038033736051,0.08430510617789869,0.07967863059890617,0.03234011114766927,0.0842214796782237,0.029764384708191392,0.0776759329623969,0.08429329670360129,0.051788658845981106,0.08430311682970744,0.05321067272409959,0.05696401815980512,4.80311677158729e-05,0.031526059222381095,0.0842879840127523
0.08783364614758132,0.08782533380573855,5.15851458982447e-05,0.002257432076461341,0.06094973389846301,0.055448365892478445,0.08783178543573072,0.03222332256025346,0.08771516122857008,0.08783319943999543,0.08773999519563044,0.08776968975812129,0.047510726771708416,0.08749149683911357,0.018885433475941134,0.08063309232831453
0.08697581572275595,0.050643107208332504,0.085878728185774,0.004010998287871681,0.023969210034086436,0.08697805977607508,0.08679111107633321,0.06395515387876784,0.08697820068660608,0.0,0.08697784431505566,0.08698054640694047,0.06701418347816497,0.08697511056036993,0.0577407806811238,0.03813114970174234
0.054399971172363414,0.023470613836129146,0.05421796896993914,0.08535138972731363,0.08547246373337786,0.08596443847195341,0.0350968087417445,0.08593004001953077,0.08595959708203028,0.08597102467965081,0.06876214132299587,0.08585781630054769,0.03435338893441655,0.04322234714219622,0.08596616950662643,3.820359184232569e-06
0.08639261695452137,0.008656655685204503,0.08639039721404476,0.08639216775875068,0.08639299419635563,0.027300026120813052,0.08639100350213459,0.07962545121973359,0.08611047423352393,2.5760078977872525e-05,0.06512419521889624,0.04962031934651122,0.03282059480419792,0.05301494282171548,0.08623388179469793,0.07950851904992125
0.006237402121250664,0.0,0.08638368178516106,0.08598508709021231,0.0866723030339355,0.08666949074709995,0.08453660222490751,0.025724931678325184,0.08175008573220582,0.08666907577459,0.01892792681520405,0.08664154419835872,0.08572171407155434,0.07748388371421783,0.03921164534724733,0.061384625665729796
0.0651854261941177,0.0762739905602283,0.08538544325346321,0.05774376798691413,0.07588684829633613,0.003846829514014895,0.0853949688726992,0.07079504049707393,0.027839912661190038,0.08539556793272704,0.0,0.03172234571197756,0.08538874113083816,0.08539720563052304,0.07840324828625811,0.08534066347163846
0.0,0.07872304144457805,0.08303200267156162,0.03833749545152772,0.0830323266077735,0.03623568170319814,0.07449645333680985,0.04661804182724174,0.08296602564708405,0.0435349265214367,0.08262118724207601,0.08303129026745332,0.06918415228616713,0.08303294169326968,0.06734666863814803,0.04780776466167438
0.08516091687983672,0.031979148741733236,0.08503618198821246,0.08495937345379137,0.0,0.056308114895956905,0.08365270874738298,0.0818136887680676,0.08516379508519228,0.08516388900705384,0.04335080051268399,0.08271930007983175,0.08515250336629612,0.04154587078912318,0.012774246984584414,0.05521946070025332
0.015413505741219247,0.08532221453116048,0.08394458643511761,0.07916797477416553,0.08532314822860707,0.07560222410662013,0.08515827903836547,0.04287054375296614,0.05614876838647821,0.0816740417086778,0.008750001316834136,1.592125369506009e-05,0.08532099028343437,0.07586126556187747,0.05410000599331766,0.08532652888746374
0.05947469602521585,0.05965049109241386,0.03138845845940737,0.08652999968362142,0.05588051678701193,0.0,0.08277096250785039,0.05649548795240346,0.05615614416732555,0.08663426322544558,0.08386271550850785,0.05592316677972745,0.06508394784358823,0.05910573466720468,0.07426505605351826,0.08677835924675807
0.08488573782094583,0.08805619095594674,0.08776121262023216,0.05165863351386392,0.0036081353904786964,0.08802145245719953,4.089029161240265e-05,0.08800886087562713,0.021170083203223423,0.038576981256574966,0.042951638163532334,0.08717255959191314,0.08805851845696834,0.08804216015401123,0.08792164361447787,0.05406530163339231
0.08856724902594466,0.08841337307208273,0.06781270507765944,0.03008588360610063,0.07893147955309797,0.025110305206591983,0.0629385278653977,0.08855068039678059,0.019873625165783768,0.007040876544400244,0.0,0.08856849895934613,0.0885686270385281,0.08856827200712591,0.08840004224079694,0.08856985424036334
0.05490887248547796,0.05693172136114286,0.07817024849903652,0.037622615305516145,0.0,0.06605509441245228,0.06252179411745243,0.0547429768320122,0.087713941135792,0.037614417226125886,0.0821045644826438,0.07129628582629012,0.09255680819216706,0.07026347703551115,0.0547268328422901,0.09277035024608943
0.0922454553980695,0.06622648171378508,0.004549136364245726,0.09224554911631982,0.09224545789564803,0.09224441006831945,0.0,0.004874316956621022,0.09224599316551461,0.0922449570166813,0.09224644830663112,0.08658730672885821,0.025618370835168918,0.052679368961294645,0.02150127732748225,0.09224547014536025
0.08802440692648227,0.0880250429577068,0.08802503386968097,0.00592557001398155,0.06568601671059986,0.06650410164059326,0.08802447405979326,0.08802471782835311,0.08802472439368232,7.46667806205345e-05,0.030329746948053876,0.06816737141949016,0.06903525135530399,0.06909249392984329,0.008989460993742593,0.08804692017207219
0.07581498966513446,0.0,0.07071534657995995,0.013917934830725433,0.019690070684700318,0.05342969843884638,0.08885559994703728,0.08885495781489039,0.08885555779642128,0.08870111649132682,0.08885464700224792,0.08814178370530697,0.0018611648874873534,0.05459764472990069,0.0888547482865805,0.08885473913943434
0.08440469384169247,0.08488185323660091,0.009942759704862018,0.06891054530432808,0.0778133597869744,0.08476800086012129,0.012795155569322661,0.07213260338018154,4.482539601849411e-05,0.04994368873252712,0.0848615107165398,0.051015668924138696,0.08487754375821688,0.08473627003066958,0.07841115720697234,0.0704603635508336
0.08516419612274635,0.02379890481831917,0.08463656188747291,0.08511686200720862,0.06481485537449605,0.08468076754639274,0.06315482446296378,0.04924427832543524,0.0,0.08513670029363689,0.059178020529626015,0.08516358511110611,0.04576568175425615,0.08509086516262902,0.08466733676943988,0.014386559834271027
0.08169943410583512,0.07009437562181195,0.0856143086201379,0.0856097019817738,0.08561173073862305,0.04207819265877843,0.08550690130558804,0.05929244402759179,0.034627679894779356,0.08466783217832413,0.06972326755746198,0.030903613919269837,0.08561334525927315,0.08559807104429959,0.013329436623718091,2.966446273383605e-05
0.05225740437287868,0.05572244662859978,0.06632892544241843,0.03430128872695183,0.060076072000297825,0.0593864272494911,0.08874375750175756,0.07142302385326672,0.0,0.08819722172244057,0.08528544349706015,0.08112097972798861,0.05328462037845496,0.0670011106055977,0.05918172018876498,0.07768955810403098
0.028334957805696965,0.08541374183302178,0.03573024244896859,0.07947323918918685,0.08523396582661401,0.0797772458095317,0.08540857206406537,0.08540313962083255,0.0,0.020498610845735666,0.06320424179033388,0.03893873834604364,0.08540903337421267,0.08540918994820705,0.056625876658023225,0.08513920443952595
0.08258884402657006,0.08532799211378926,0.04383917398735096,0.08532097599842078,0.01882522083861576,0.04652989090914942,0.08532180629562693,0.08532272139365696,0.06253036942512899,0.0,0.04241931898988601,0.04432777542295756,0.06176021656464549,0.08532249725004724,0.08524209627341546,0.08532110051073911
0.0008457824500463437,0.06861774712294667,0.08494018618089125,0.04346308149400463,0.0849676577465325,0.08496940846612477,0.04412510149791452,0.08195975576684074,2.2161705540743593e-05,0.08109556974058169,0.059657336422829936,0.04127773165546156,0.08494107534782058,0.0820311538043531,0.0849597689998033,0.0721264815983076
0.0001021431443079604,0.08521904931494052,0.08952003057113192,0.0697197880222856,0.031576301797471895,0.0895187807836325,0.007075926568688176,0.08951824927668299,0.028560244766094076,0.0895197087239281,0.08944673122940028,0.08951158455408531,0.08951955965765993,0.03542586693582723,0.02625143111945996,0.08951460353440374
0.06335896475236996,4.659766014054878e-06,0.07416725635018291,0.08591738012480299,0.08358991275543429,0.08564925899912455,0.08594322436735889,0.0824801152299439,0.006575931666488392,0.08594319492774287,0.08593903570945437,0.046262749084696235,0.07382688747288568,0.08586282270710092,0.01759366320623259,0.03688494288016744
0.09053030079654163,0.09053375798679515,0.090535622186003,0.09053524419068026,0.0905350526663868,0.09053600164977699,0.044429479976960104,0.00015128240582754776,0.01280959262779642,0.09053502776718271,0.09051370959212716,0.046162625058918605,0.06811936193543186,0.02078633656414884,0.08051207602662135,0.0027745285688015667
0.0781471850342939,0.007851669693892801,0.025955215014936334,0.08729492882177003,0.0873112641028675,0.08725750194786996,0.05465385232561614,0.08088952295284423,0.08730162691244929,0.05907492970307732,0.003477638826762872,0.08629310109521307,0.08729737732060357,0.08727700694596593,0.07991717930183699,0.0
0.08568506372686385,0.08568235108159805,0.0856827725382081,0.08173088014562942,0.04768118575277259,0.05272434743215048,0.08570045194352884,0.08567850051570745,0.0762311479513589,0.03750608732307971,0.08568385042765789,0.05897005644792726,0.07909870279201792,0.0015322807862492712,0.0,0.050412321135250245
0.08921308747874995,0.08866986155606077,0.043149744679010005,0.08906626609191297,0.06898715457178607,0.05937944509421907,0.08909207255302945,0.0891571185266272,0.014726712999769107,0.08921090540808081,0.008816830626103625,0.0052212381327557305,0.08920942117786142,0.0892105215326819,0.08688961957135181,0.0
0.08216478408396465,0.0,0.06542783455192944,0.05849885862635969,0.058805581251992305,0.06433940723302374,0.045343086199112835,0.08223914940530755,0.07561883770844223,0.08068557960276758,0.05816273348530476,0.08292181983482268,0.029613059760729695,0.08045717428243478,0.053092302886406595,0.08262979108740141
0.08516408919809829,0.0031735821204565626,3.2093087153420297e-06,0.0855261389411249,0.0873680780358039,0.08735827744985854,0.029522375781792717,0.06984415328753406,0.08736776199228467,0.04097338954223235,0.05665878352110974,0.08735748198544341,0.08403909632344035,0.02093521289775767,0.08734008294034129,0.08736828667400615
0.05964361951015783,0.08610376571652868,0.0,0.0029040513843004417,0.08621489024992635,0.08406827660701809,0.08385488471839915,0.01982307187102302,0.07561192783212506,0.08620239171594876,0.08620908361883317,0.03563014995338903,0.08621313704034497,0.0674141591109267,0.08621048744079393,0.053896103230284625
0.07186555698700962,0.0835983300871737,0.0,0.06712967317728272,0.053661849378901005,0.08328783834334905,0.08363697790841348,0.03512687872029092,0.04050030654976119,0.06912437117113243,0.08363590994651059,0.08350658862487716,0.07555718771039396,0.05603180546277843,0.02970052913251715,0.08363619679960854
0.007231928129016463,0.029724352724138224,0.08849964281838119,0.07773811926436115,0.005139807458732756,0.05124707218012423,0.08378636243226006,0.08849491335834127,0.08853583836989977,0.08851314300316855,0.03776377442015502,0.08853227100199366,0.0884816525721708,0.08853943232125738,1.2497256389465417e-08,0.08777167744874304
0.0817370303101822,0.08647015703433061,4.842757895971023e-05,0.07954264688383486,0.08646094235694379,0.08646551535018057,0.05637054085449137,0.011913941848171496,0.05923357892596721,0.08646804011410689,0.049796004231872984,0.06602147531662697,0.0023914140834096695,0.0741711403808887,0.08644770505470964,0.08646143967532335
0.07837016736897436,0.0871786016372504,0.037314391482839104,0.07804063352309773,0.08151753966828561,0.08716524480342652,0.0,0.08717700866394987,0.02567668297803115,0.08718193181491495,0.08717674518395285,0.08717932940127207,0.011017091545179464,0.024416360784560456,0.0871766246809412,0.05341164646332412
